1000
807 8 241 516 102 225 752 393 461 980 621 272 800 779 515 425 596 315 84 354
744 909 245 245 463 537 103 333 78 443 581 167 792 238 629 414 700 132 341 70
231 584 444 882 452 786 850 738 837 193 372 532 116 384 48 138 370 159 889 412
147 426 224 524 12 406 223 688 587 455 507 613 154 720 830 990 655 170 381 804
266 957 125 719 395 508 893 563 48 186 32 166 873 475 553 325 984 862 883 559
24 334 132 985 393 384 662 168 748 15 34 981 697 898 121 410 331 959 336 27
85 752 287 152 508 44 278 390 928 505 292 150 343 181 478 253 928 708 369 594
49 836 828 695 206 436 972 887 711 379 461 789 372 709 562 277 247 631 930 964
462 124 703 609 52 936 132 711 187 233 858 723 617 662 503 224 844 552 196 458
666 445 1 887 745 371 463 73 840 177 177 297 432 729 600 782 307 578 338 738
31 114 414 21 743 249 391 75 279 777 211 504 481 465 390 124 833 520 520 778
865 134 295 954 290 958 682 974 224 200 116 250 280 132 785 956 841 1 824 483
372 219 237 349 913 842 698 840 303 943 473 969 48 170 737 643 439 526 474 448
671 38 702 723 833 225 231 821 921 729 31 222 566 554 135 244 268 837 856 591
192 52 664 741 127 200 801 528 659 510 28 645 547 584 541 505 614 239 763 276
844 7 678 39 921 235 181 769 519 319 340 309 871 876 287 72 283 757 109 958
435 457 883 332 82 138 243 408 124 490 882 308 382 413 851 722 426 833 211 809
174 329 394 374 40 938 170 718 8 741 528 191 714 787 308 990 486 383 398 235
222 132 615 42 347 375 265 482 724 192 52 888 477 946 942 462 880 106 542 972
178 988 254 672 108 784 330 18 108 332 289 944 96 467 463 665 831 259 84 853
292 716 141 265 424 485 621 713 946 216 431 989 629 93 699 414 750 653 627 642
705 421 632 386 423 42 886 725 806 43 513 438 621 410 258 377 642 461 274 563
507 649 169 566 933 998 659 923 772 741 737 58 615 269 111 982 935 285 935 916
892 493 986 585 204 461 558 459 257 255 328 64 454 696 303 147 326 305 923 133
384 252 840 519 131 466 523 382 938 585 247 95 540 675 900 730 932 690 318 812
151 415 933 292 655 937 726 207 779 699 693 94 456 998 453 285 401 846 238 303
910 417 234 453 276 81 236 141 425 203 973 823 978 128 381 819 995 929 674 462
986 167 639 804 464 880 148 951 413 502 870 461 375 289 708 495 998 117 605 982
0 606 632 761 508 815 882 865 445 731 958 229 837 83 740 145 811 53 433 737
107 990 438 676 744 366 928 884 216 761 715 297 804 542 179 733 26 409 281 698
474 803 351 704 353 441 128 131 357 882 599 56 270 913 258 856 925 387 26 798
764 602 442 906 537 200 34 712 233 751 583 586 133 333 144 762 515 494 192 36
723 169 955 264 620 356 38 133 875 916 504 89 567 988 79 701 156 446 80 429
611 112 951 886 298 46 751 32 541 766 726 650 504 696 96 396 719 987 119 8
805 461 804 970 589 435 484 79 993 278 82 393 477 151 173 88 422 89 237 189
132 644 944 120 449 698 27 273 509 826 791 347 760 291 498 892 362 378 359 826
915 308 323 552 842 775 61 245 140 938 553 933 396 301 472 633 121 284 376 642
896 517 60 803 886 584 424 500 930 718 531 163 718 394 384 413 440 749 963 58
801 254 389 486 89 710 620 443 948 736 995 100 605 23 425 973 910 283 664 590
737 299 12 166 982 430 197 180 490 117 395 41 144 584 622 945 598 520 743 441
575 996 7 642 272 182 810 731 778 973 670 381 507 109 254 343 272 619 830 514
459 154 546 7 141 132 207 749 833 338 598 727 245 28 352 937 261 804 867 259
606 828 160 150 660 728 693 779 856 206 846 251 809 434 955 273 805 262 485 468
557 319 723 248 675 122 372 156 80 325 72 591 54 3 384 116 663 479 790 484
9 642 617 42 6 343 65 473 100 123 460 466 685 754 995 674 884 92 181 432
109 79 789 508 223 718 10 859 330 311 891 135 247 371 285 772 656 438 490 221
412 766 376 900 271 336 267 336 52 637 496 265 224 812 943 415 277 98 659 176
695 788 410 441 438 125 428 964 249 11 498 959 243 923 212 813 741 997 230 590
224 954 192 738 141 241 897 923 475 58 119 759 491 458 62 4 787 116 443 655
438 9 787 309 397 630 941 42 700 540 496 880 795 573 666 575 767 386 239 763
101 402 738 835 146 924 587 934 514 573 277 568 523 485 506 314 685 508 646 807
816 203 829 458 666 148 634 581 644 811 941 533 743 334 791 113 544 520 197 73
238 467 407 572 516 675 372 473 599 648 756 407 565 428 129 176 600 947 675 696
670 535 847 467 62 419 563 148 553 752 840 91 115 811 749 606 421 903 732 144
976 751 27 718 527 612 865 326 361 164 866 195 106 684 1 811 262 404 274 257
145 112 81 598 142 568 234 555 977 245 974 497 795 163 510 386 834 726 663 496
114 245 267 266 212 788 416 48 866 341 255 260 916 422 35 552 394 837 787 166
86 296 286 18 564 578 754 756 762 432 593 786 782 145 385 562 977 659 159 541
974 147 919 8 86 772 34 611 27 177 20 916 751 237 352 558 784 927 747 386
290 68 122 136 138 237 849 127 147 807 937 632 342 513 141 561 378 951 642 373
790 21 104 48 479 944 809 465 867 879 92 656 232 319 598 550 145 339 519 820
742 698 356 548 480 979 734 628 14 635 47 745 182 543 940 135 315 509 635 439
799 405 522 881 958 277 409 265 680 985 230 654 296 698 20 253 269 693 462 820
60 652 861 67 664 778 740 53 144 344 844 939 251 669 753 482 474 714 72 627
153 626 443 624 572 848 251 687 75 164 73 766 602 846 593 558 31 371 147 661
48 860 271 195 8 507 916 774 790 161 997 273 275 723 690 455 830 387 126 534
149 643 466 574 618 940 469 976 375 348 294 531 0 622 664 298 988 228 744 98
815 495 486 367 951 607 942 190 809 158 546 861 576 614 414 839 329 595 695 484
733 107 224 157 532 722 947 548 803 834 921 809 265 328 990 618 980 450 948 346
499 700 490 866 95 209 288 318 307 295 706 438 389 539 719 556 640 388 820 645
247 444 538 496 312 552 177 116 339 192 543 671 142 482 666 80 830 377 821 902
236 299 506 90 681 201 668 830 952 55 312 721 830 715 480 819 200 98 691 882
162 630 117 352 623 268 822 275 602 385 985 76 960 725 299 443 231 88 22 943
831 728 906 980 332 421 743 981 541 148 65 785 956 167 863 777 978 629 618 943
663 262 607 859 770 279 906 495 91 156 519 618 875 451 661 658 756 437 146 10
579 144 141 795 614 615 732 967 507 483 698 713 199 682 532 231 928 422 881 513
480 929 236 596 454 420 815 167 554 407 686 431 949 722 949 270 267 66 566 38
86 880 843 691 616 795 556 102 773 350 958 757 450 316 553 576 710 855 948 39
763 760 350 40 185 336 915 988 576 813 290 985 655 121 800 802 638 845 627 754
180 994 484 887 134 568 945 355 829 159 686 463 835 466 616 368 881 141 405 259
920 99 532 76 442 66 197 346 76 322 524 895 851 384 519 811 103 41 257 296
424 897 994 969 492 564 477 419 203 748 135 205 615 993 399 228 307 230 710 903
182 512 563 962 828 890 835 925 130 339 20 812 11 649 389 954 452 231 516 574
105 610 963 120 202 961 936 565 45 266 31 701 425 194 726 894 428 21 388 386
466 371 87 67 770 739 514 518 479 649 663 765 136 786 678 759 884 921 138 554
830 931 796 441 568 108 215 224 287 212 567 828 595 548 790 392 761 898 941 617
231 157 779 43 308 402 821 293 690 228 946 272 944 250 890 933 400 691 570 59
409 757 983 416 82 378 213 519 180 284 554 944 99 799 452 789 417 668 835 912
415 495 92 58 80 14 779 734 764 570 85 196 390 970 799 450 130 554 543 637
959 891 525 525 60 747 493 182 803 949 147 835 415 644 683 133 283 458 581 705
128 685 770 535 346 776 957 430 480 599 409 910 870 435 98 997 240 758 10 259
966 913 932 401 663 905 885 660 619 33 27 208 161 168 461 455 17 11 877 553
239 141 406 413 100 706 318 485 195 339 233 175 141 148 327 96 986 690 387 828
37 672 641 776 194 736 292 201 870 974 465 845 883 264 923 238 855 194 284 671
480 823 908 519 270 569 809 51 868 593 628 376 949 74 467 342 751 360 889 744
327 94 958 847 489 669 548 422 129 609 39 721 363 36 992 367 755 166 783 502
98 748 498 29 295 309 174 412 557 284 0 24 94 560 897 524 948 263 844 521
583 496 117 37 169 936 320 386 658 365 683 413 72 942 41 135 854 563 892 760
552 433 199 895 977 118 397 14 65 26 824 882 166 806 714 929 893 431 33 148
341 330 643 884 665 444 703 856 520 377 195 220 851 162 487 734 922 196 966 490
