100
63 124 70 12 138 55 109 98 14 38 30 58 127 24 94 104 72 116 100 73
112 25 139 139 14 62 23 62 15 43 145 106 6 52 64 104 52 110 133 52
8 100 30 92 91 130 58 80 68 42 125 127 75 91 118 12 35 136 136 97
111 34 48 73 1 8 97 44 82 61 107 111 75 24 51 35 129 98 116 140
128 118 62 79 67 6 138 95 56 103 138 89 55 122 121 96 53 79 135 111
38 77 136 56 107 28 119 46 37 23 2 79 115 42 38 146 38 8 64 134
98 63 136 42 13 27 38 71 138 49 111 144 67 49 16 113 134 11 11 126
57 63 88 133 128 14 98 55 94 117 66 91 146 111 149 142 45 19 86 56
13 56 32 84 23 38 97 132 62 8 112 33 138 60 133 137 112 4 128 21
52 109 109 102 62 34 77 6 121 28 21 117 129 71 75 49 119 47 22 136
