1000
10075 70096 45729 67820 46712 34260 59873 79173 72409 85336 58101 21792 35949 96235 72850 60387 70647 51520 6547 48767
41406 92007 2567 85713 6193 39543 52920 70155 25563 93192 37849 22669 65278 29565 84299 83085 44719 77278 16524 57046
88974 62627 65308 10924 65825 23853 73869 66253 85580 19087 89927 9171 49775 25545 74038 31191 78555 54741 9297 77711
1458 90202 74471 64792 25626 3294 20711 26831 31550 51097 19724 14968 10978 72804 18403 60482 12480 34768 44763 58434
7044 46676 96808 60379 89632 61406 64788 24032 77485 87434 17091 16944 24223 99440 8161 8160 5091 54744 94058 20182
89559 91880 25525 64945 30438 80318 21822 34886 80991 38298 5615 93318 64018 27411 37162 65243 88486 55113 60373 99473
81881 6458 7459 96113 18709 14030 93787 936 31340 44493 24775 83783 81680 63985 60348 36740 81520 58742 91584 57885
83667 72749 35901 45789 4650 77648 25152 30582 55894 70224 78318 4430 32470 80970 50788 33655 25482 72376 84490 15382
17161 70691 39347 3750 58779 17718 71763 13557 64564 55790 74014 67307 65806 84878 69593 87978 9985 91728 12447 35857
57474 21045 88178 19227 84885 26556 98140 15077 32816 52881 57344 6797 10126 57213 25986 42166 61261 68828 76880 7975
76581 68556 85292 96979 2981 30049 12311 339 89547 9685 21531 77296 68543 35037 47285 10621 91085 12343 28893 35360
49245 45823 52115 75697 95025 69088 86376 15707 20250 66695 15558 94816 88151 38068 93533 15066 93420 31146 93419 51195
2491 35974 80583 51061 16481 47788 83307 43478 18191 92924 95483 50444 7523 87588 44790 54918 76419 71855 30968 18811
83830 96827 35817 69795 59487 35816 88998 73219 50838 60076 58410 59558 27909 74916 21880 17287 4604 34021 41544 91052
73649 70481 76235 77740 60087 72068 36093 63472 13978 23854 92359 98615 62997 10427 33133 46868 39376 2318 94938 42962
94265 43436 27046 62904 93405 97045 52834 5032 37348 1997 93504 18369 67814 28888 25281 54788 71342 71589 89244 89107
72521 75969 29384 23509 35371 37324 36391 14071 17758 30473 50223 99373 40200 39822 8149 95253 3768 40412 70424 63516
79788 9480 95752 66106 37571 98008 63281 32473 3322 71465 936 3027 22949 69709 31056 70745 15787 56786 18793 29936
12126 48125 52727 26581 55286 10486 82026 92226 78858 61021 15567 37928 85770 94042 10034 7580 69019 10098 48878 75438
47248 46806 70611 17780 90593 11925 80403 7654 4779 53585 53545 43811 23908 61775 52486 97617 29561 10696 6841 22753
4166 30813 23706 26096 23888 39399 24628 38921 34019 66284 7309 62473 30212 51054 70259 81083 58226 15165 69092 26529
52989 31949 8954 5812 61378 52322 42097 32674 42915 56199 39799 76695 94368 88542 62511 23255 92212 5138 98593 7783
91214 95145 23393 14219 71529 48661 96155 27274 61771 43593 17240 69326 34295 14761 57488 4455 16207 81018 64172 95247
19433 61336 33206 1128 20492 3623 47552 84162 78024 30849 63853 11704 51856 74189 58976 51674 43157 75857 19231 97414
60800 62910 66019 77103 38635 33354 24255 71904 8412 27323 30507 99386 93183 70495 98188 39704 95359 25561 99809 6004
8193 97974 13708 82178 75518 74269 155 96474 32603 12836 2931 51603 50790 26655 22616 11051 55310 35252 65787 20675
32127 58986 92897 58599 23513 59328 72203 86091 42765 13658 11975 94065 28212 67957 96339 72968 48843 50524 96265 7630
44494 14867 52395 33589 31920 99217 27052 78116 41396 35339 2713 80660 88012 81194 9315 56571 43819 96606 39753 27910
41289 19597 54694 82782 19027 81892 51348 66829 26891 23566 61340 88987 98979 24002 63836 43953 5170 84406 42419 68478
82513 32146 86508 311 65525 16064 59844 81529 74281 24895 58777 51915 19143 81110 11730 4959 79027 79845 63877 70135
88339 58135 69225 420 58095 37813 37945 96393 57665 21556 94016 75614 36825 18510 34599 99089 46448 99566 94457 80550
33479 71045 52816 5087 87164 55961 36830 83671 25575 69117 92569 11433 42583 46460 9283 25294 98020 62511 29973 37314
91665 54478 53928 28200 40576 90051 64960 31236 41905 37722 77718 10214 34105 6325 94400 20743 8379 46875 88575 6923
61701 79472 37124 73191 45034 56384 68447 5180 87287 17429 60070 44737 24564 86185 88959 92031 62266 49909 35531 4597
79563 65767 99918 23548 73778 36370 56095 64069 91256 50431 88808 74047 96928 47170 45114 13012 31616 2439 94001 83667
2076 44011 29471 41448 52673 4584 70360 63655 16474 76712 64890 59816 15538 31994 17846 22509 44552 9953 48991 93631
48456 98794 91758 55669 31371 73398 87312 54518 48877 63446 95277 82838 9095 68053 95061 73021 84105 77583 97864 50373
62806 86911 74114 35394 88923 51861 12930 93916 90349 72039 30742 60535 32094 58110 7557 96500 12220 91378 77944 63920
83174 90352 78918 37898 18252 44439 51674 45346 68162 21058 67267 11133 62592 15071 58936 62309 88441 86782 46310 29165
12022 52006 68343 87091 16271 68801 58464 46142 35237 9752 61576 61670 18175 9657 4816 99058 73983 75252 89124 65405
77471 32453 72444 49202 4366 66508 19567 60855 78081 44121 76565 60102 54936 98050 35862 35957 41646 75223 34773 98135
4188 48300 8435 41820 60619 35317 59265 75219 79891 77681 4133 72368 37557 17373 96200 14793 21682 75306 51643 16090
82022 83624 14627 95016 80645 95809 85160 56899 5392 17346 50709 93508 691 13460 31085 39030 59806 92585 34315 61265
11102 74354 41715 20993 25527 98157 88379 61349 26881 16444 11184 73747 34205 61425 4870 89050 33682 49509 15071 42271
45895 8040 52855 96073 10111 88178 24010 3288 62637 81144 69635 56207 29106 47931 71329 40882 48890 13562 51048 93547
90031 88711 93506 61927 46936 66007 90544 12829 94323 80051 17361 41871 92970 6956 26669 17769 61652 90507 24542 24166
44139 37606 71644 81297 84325 54607 43428 64393 60785 423 39876 52606 66512 37263 15077 86072 66158 6207 25525 41048
42811 3855 86545 21110 41739 47314 69996 97512 22598 97475 96702 79140 75436 84472 44203 58172 1033 34579 97134 44873
37105 2904 41762 11555 84248 79672 80398 49740 60208 9419 37707 35500 44160 79581 88243 62199 77566 42943 52103 64683
55817 55934 85436 96854 48965 45745 76452 36020 88371 46827 82901 96373 10156 43601 54200 54973 16059 4326 33583 95814
44308 88193 53156 35488 75221 80896 42347 39480 26551 46326 21459 56118 66000 56800 30254 44448 75721 49013 15162 9596
29943 19099 1707 5459 27737 73174 2519 86929 44364 72316 42142 9993 25966 98788 71924 40790 55981 91837 82957 6940
53291 88795 80804 99500 25521 30860 96423 31718 23405 77832 4930 71801 99497 53031 42886 80838 1449 67372 46294 41635
74529 58975 87470 91899 13137 70009 39217 18354 77854 44568 47597 59878 2445 37139 80141 84850 72671 57031 14619 4748
73764 45167 65711 75342 91677 13650 22137 93330 51506 98806 5383 36758 60685 31603 115 24927 48977 24003 17261 3449
95930 8661 26848 23228 5810 66944 24195 2411 5869 10421 76510 89078 24610 62413 72791 25184 9671 41313 83576 19067
20648 8953 91487 94862 63843 1436 69058 11832 40163 81798 54428 4399 54710 61144 45145 15905 80365 1416 17914 35932
82961 70009 49477 40585 25500 2438 86668 65618 35227 27896 54808 56676 49950 20311 61233 27632 35064 93565 30349 7180
77210 80934 2228 70967 14279 57124 16460 60057 28307 65039 89957 36808 18365 2617 83746 27655 74438 70783 56450 49065
4620 955 45899 13107 27528 99734 54643 37280 69280 91100 13418 37534 35786 41352 96839 51861 36991 61054 82093 77032
75223 75671 56121 22804 32486 39191 89611 21077 82834 54522 20335 30312 1584 23085 70567 83563 29947 10970 75254 62497
31344 15515 97548 12850 15304 27023 25001 42926 29331 82346 23344 68498 93901 11238 9802 88451 84512 39960 3283 51704
68790 48478 30533 44372 39833 46420 76670 79952 87466 2021 21041 41591 34490 30303 27911 13035 11335 59615 83375 46470
26038 37035 56297 64155 51818 33087 52395 9210 57471 8511 93902 4754 49446 38956 58936 58832 11613 69746 82566 71686
9289 98077 6038 89352 45747 97163 25423 29231 92604 89533 7789 37632 62110 46503 34189 20007 60609 87719 52625 6364
75735 7314 6352 136 61653 34026 43581 60769 58542 12396 90066 7697 28877 63845 67354 21909 90926 22789 21560 14849
8026 20875 30551 87169 88958 64128 82830 37946 45447 12352 9327 71086 74780 22163 45229 11295 3735 67675 81256 67211
26721 94533 52311 67157 98569 87809 79248 46276 17377 23599 5238 95109 85750 95663 54816 96940 92906 18875 27266 13880
20175 625 28699 51124 87041 46311 47450 84537 65313 15907 97389 86513 44138 17859 18247 44246 498 15766 85293 32473
11039 33902 25470 11487 11299 46445 7965 57222 59733 90588 16892 76357 65997 57659 54055 78417 63676 95282 8585 31484
31046 19430 41951 21527 13149 30696 82968 74200 88571 95591 4901 62903 87611 28229 42563 97619 12181 24519 46625 45650
39669 83974 90864 21029 79446 49859 60999 44873 45120 59608 83376 20106 57978 56649 80883 56386 45390 1049 14652 95296
85113 16568 25227 2691 48715 56282 98617 73765 39841 14787 57058 37301 43964 99711 78451 68316 76733 23950 54160 98945
2144 53660 41858 40777 72082 33935 31772 34134 26225 86617 18185 3056 72095 45486 32852 61729 52417 75695 73044 18009
9018 9861 39889 3570 40031 6121 72375 65966 81847 73567 29334 26845 72881 36995 61299 21851 60418 77148 58575 17974
88921 10894 95506 22157 18785 89996 30836 26739 14163 28233 55496 10739 50804 85263 88325 36654 78162 40681 49682 16704
40215 56859 88141 87264 57768 13553 12120 67430 95069 95157 61536 28903 67420 23642 91692 5147 40468 58742 79198 19648
51 50284 85577 35735 70276 84839 38128 35788 85993 95747 71254 14292 97873 45284 34440 12495 6679 54314 94083 44652
52695 6237 11683 81420 44364 81922 68585 30622 9931 65104 39016 7722 90774 24892 13740 72777 70654 25488 25543 11537
41720 66810 25081 92111 38906 74368 5020 97645 65875 97810 15530 96947 53284 20120 78635 11977 59487 66442 67934 95515
30842 11359 38051 43797 17776 66204 10723 32398 32981 93870 82397 41153 66003 34035 99118 10965 55685 91059 67580 23551
68080 90444 92063 53982 90745 70346 35693 41988 45959 214 16544 59668 16726 18341 40006 87206 2773 51122 63588 27432
25853 11494 91975 72799 8974 91858 16138 92107 95623 53983 69341 65896 45890 39261 19096 32976 82698 14840 92828 46142
45337 20777 86338 62510 13587 48105 35298 40321 5977 28640 3938 72252 72554 77307 96537 11663 74172 11867 45343 42323
38835 12074 16467 72621 57500 84393 47496 73199 64937 37733 39661 40830 99530 54728 16568 79438 60835 24908 53710 65801
39311 25450 40977 20686 64593 78673 32903 95190 19347 68210 77859 87763 68670 72567 93426 78481 3060 55028 36868 43582
68621 21302 18228 45158 5004 43927 56342 15702 65053 81908 47612 84866 93997 18550 75814 13379 65350 59724 3332 93592
94182 63578 46280 1709 58683 94539 74797 51417 84157 43169 22622 65281 76711 66317 1956 27482 27667 94138 16464 72716
10162 24420 46113 58161 96645 63846 4243 45597 29308 96465 74469 17720 87592 19608 55268 57447 99646 37224 60665 96200
37578 42677 64459 94780 32333 752 57267 24543 12693 20629 61723 37394 96792 98752 47089 29402 45133 13791 98894 46369
23975 25475 27933 72347 99374 65968 92682 91427 28540 39540 40937 38947 15985 7988 75936 85459 37075 4194 27730 29752
87717 87275 28841 40142 85347 63149 98367 86208 44055 54533 16329 61716 20219 46662 38977 78436 15756 93862 49870 91527
97576 65074 97714 67022 88132 78114 31664 91465 74155 69672 84504 54090 62871 40737 15696 72354 2853 15246 63968 32776
97945 32092 81626 81912 68941 48799 23141 77304 94839 93757 73445 30197 76022 98407 36584 748 20600 3971 26671 55716
68716 30244 30135 23449 73246 87195 65379 72564 84341 3399 81384 28789 58789 34535 30612 54611 76977 38033 45564 87418
43361 37403 58913 2579 95835 5014 55966 6049 48257 88154 93265 1831 3783 8540 5123 48584 67248 49693 86934 53862
47172 27228 87562 93004 62128 59404 47820 45767 22170 11200 80059 6607 12158 29602 8504 80579 26314 44387 96329 37010
89747 64524 55594 77494 79026 80115 29618 95035 22911 33450 89181 49022 30728 72978 66747 38480 50158 22669 62100 15354
65788 26448 49078 54330 21316 55223 67325 86379 45400 44850 76509 17475 2658 22941 90767 38229 5057 41518 64214 64023
40928 4487 98381 84319 3637 39980 54446 52358 68947 1998 70657 26414 87756 89734 95200 90176 38598 94077 18052 14606
