10000
421 375 973 1254 984 642 1359 906 1191 268 1147 518 1196 1440 707 1104 802 341 1302 50
117 612 1301 1356 1462 257 1380 971 1008 1025 105 8 223 628 775 531 516 176 392 736
992 1228 991 319 881 523 210 160 1355 37 1273 470 64 901 177 1081 589 1085 852 795
1442 1407 416 40 1485 1461 335 1418 586 1327 655 332 1374 1222 808 139 646 312 447 656
883 940 1324 765 1424 1136 1424 318 1264 849 1497 1476 647 1156 260 400 303 1298 846 1207
1444 231 263 1414 21 1156 327 810 671 343 978 514 841 16 1212 420 885 50 1258 439
1425 308 80 825 1057 1142 516 1302 374 383 20 129 1213 368 1328 371 1378 661 95 587
611 1496 736 135 593 276 1232 1250 1107 1238 863 535 247 866 1017 647 717 1179 1208 420
869 345 156 652 1465 490 710 1009 1005 382 574 518 92 1074 452 100 708 897 921 1128
453 482 4 632 1027 892 1024 121 627 1139 1349 55 377 19 71 793 1355 176 734 1129
777 933 893 617 504 434 141 427 709 1077 1027 245 1369 844 1435 1313 979 685 220 352
423 148 805 148 765 1194 21 140 1225 343 722 128 1014 873 107 125 884 724 1173 1082
1149 1107 130 242 425 657 274 202 923 657 1461 772 136 1264 850 1265 1425 112 21 1392
1113 899 1184 288 784 950 917 332 913 504 1004 603 135 927 533 523 643 1081 220 1283
1181 1364 481 1244 1400 1460 546 520 330 195 572 1242 276 332 187 1310 636 585 827 550
821 1146 1328 376 716 765 416 1119 981 307 717 684 1228 363 1402 524 618 324 23 884
819 982 833 753 1138 557 271 1139 358 1144 36 1382 129 1241 606 687 534 1194 741 706
1384 25 989 209 357 9 472 1477 469 668 472 116 757 1238 186 858 483 643 1200 1413
925 486 53 1437 605 810 79 834 1436 421 430 21 456 637 160 962 966 786 913 999
570 603 89 150 307 165 1112 148 83 1442 955 1222 1217 912 150 1066 476 257 1410 184
1432 258 752 872 209 800 231 1147 859 467 387 289 926 819 243 1380 893 1045 914 360
66 414 822 145 867 104 686 422 1240 829 251 1264 1490 326 366 1198 1147 286 620 792
507 763 682 535 851 138 784 212 20 94 1426 1282 72 635 563 373 598 393 1278 837
1312 532 638 220 1314 412 89 636 457 794 437 593 46 662 868 595 6 1428 830 1325
923 518 497 1056 445 1256 1377 384 418 1115 982 702 515 1168 1491 1439 853 496 713 369
1265 1185 1129 1146 909 88 471 638 915 775 1036 1435 1139 763 691 913 268 466 1056 740
324 738 117 489 1287 766 151 1197 58 911 1281 1041 302 639 712 3 267 1266 707 38
522 1109 306 1369 403 800 1323 1251 291 1177 32 43 799 863 480 67 694 578 220 141
1298 423 202 866 123 460 566 152 888 1091 550 1035 623 1072 532 1101 707 1145 762 930
1376 621 1201 712 624 681 859 1099 173 643 4 1309 1356 902 888 269 1337 400 532 618
305 615 898 916 537 1365 562 334 1152 943 855 1235 513 581 960 858 294 533 13 150
861 839 1230 704 305 1256 1434 205 765 1218 52 59 1025 947 1127 206 10 731 573 308
1453 865 1495 686 792 127 1107 403 25 957 1311 20 1396 804 386 466 1372 155 553 1347
1017 875 1380 64 73 1445 1355 605 680 1285 887 399 79 59 678 526 334 1125 408 426
630 1491 309 580 1251 1131 1140 231 941 833 357 50 1214 403 567 257 720 39 611 1471
1269 474 1222 1231 1301 898 924 1152 907 1020 130 1059 997 1310 450 1399 178 691 1260 1191
789 1457 321 184 620 762 1333 1395 883 1393 202 1399 1051 179 285 1160 1340 1253 1340 475
1231 1131 1333 466 1104 231 415 808 1420 430 787 698 303 988 454 1349 895 24 1462 720
725 545 414 1435 1103 1448 224 1490 458 572 1434 79 458 1068 434 567 1369 593 419 1112
1159 1442 684 716 88 317 160 954 251 1040 1018 774 1130 1497 912 1027 950 932 396 25
690 1243 980 442 1060 273 683 442 24 944 535 90 346 964 58 113 1163 16 1254 882
795 1439 554 847 1255 413 484 1100 570 1033 35 501 289 1091 420 925 1244 963 758 887
1212 832 1295 291 460 908 11 5 380 593 693 162 893 105 1024 41 1427 1379 117 462
1164 373 490 1354 1266 31 943 767 112 1069 317 446 825 934 1427 26 1471 193 1291 88
492 949 952 778 1415 1245 310 78 274 1381 488 844 164 817 562 16 506 1303 1132 241
98 1461 322 39 612 1325 170 136 29 333 892 1226 898 226 48 797 287 1425 183 668
461 1474 924 254 873 557 754 807 315 843 80 526 808 1133 1172 734 728 17 261 1180
279 626 743 972 1379 590 633 124 107 647 175 1065 1060 230 1170 149 393 724 374 1040
1492 956 155 128 540 954 1159 151 986 766 35 1231 381 885 57 896 710 1229 935 974
992 904 211 443 1009 682 998 1377 1263 648 714 125 1358 1273 448 679 1391 48 1484 1250
29 1461 698 1296 19 1177 561 1299 1023 430 625 67 847 720 377 1108 770 1033 860 1313
670 1427 1263 1451 876 347 1344 40 161 1435 637 327 1185 1317 747 660 309 360 435 581
87 701 1144 1213 1054 362 1259 566 1119 371 1367 1122 396 1229 1199 650 927 548 471 150
1186 1494 296 1430 543 1358 1165 131 951 720 331 1047 89 794 1191 1345 102 848 519 4
1191 408 796 799 1283 592 628 1395 1234 1286 1364 418 162 947 1284 1075 222 1465 938 1112
1169 1354 913 1463 990 1441 360 1202 386 724 1435 749 298 1053 158 285 708 327 389 1176
1069 196 720 1096 821 100 453 699 1055 593 515 47 803 210 1017 1258 321 31 1360 909
1372 71 30 1007 661 121 574 619 703 1213 14 1078 1281 1187 1155 931 763 521 1023 444
961 266 191 1021 596 124 480 121 1463 143 1338 361 359 1116 921 933 1115 472 1140 574
800 1075 799 458 1301 1345 608 1363 863 1480 282 299 696 37 1127 1230 174 1207 1289 1382
663 46 404 744 790 641 1262 507 1013 455 391 1013 919 1492 224 690 310 1444 1348 1462
951 1399 971 568 221 1328 1391 685 1119 136 1311 215 1237 1178 483 1318 819 1496 1478 1321
822 697 392 1025 716 1214 305 1420 1491 360 731 1085 1165 175 560 172 571 1137 538 603
336 587 384 758 606 357 1174 796 780 194 226 1255 1010 726 1255 6 143 1239 1127 1466
1296 1255 152 438 1127 844 959 449 1035 24 369 247 1218 572 736 597 713 115 666 57
1091 1219 1137 568 278 382 152 1143 707 400 805 1494 690 351 348 961 823 570 1223 1053
960 1199 720 809 1055 182 1065 186 1338 110 19 730 686 1038 723 974 721 946 1222 1260
1150 1281 1095 1282 864 527 1202 849 1342 1096 1248 914 370 612 78 431 1388 1327 756 19
386 680 313 163 270 1229 1024 940 696 1337 1473 1118 522 466 469 964 731 1068 348 379
1048 836 210 822 562 238 237 218 505 965 1006 1295 712 1400 443 1239 1255 1446 1380 1362
1226 399 23 1109 17 1387 1391 1455 774 409 864 986 1489 956 1225 1367 1379 109 766 797
137 1300 1174 69 189 46 1449 846 861 66 1280 672 740 1221 1494 372 365 1351 1265 18
1345 1062 290 467 101 697 686 743 1026 1290 792 318 938 770 960 875 1012 515 1437 153
648 264 330 314 1312 186 774 639 1339 1003 1028 303 357 635 1107 638 1384 502 1296 780
242 200 1269 297 579 929 1340 1056 1466 582 821 516 1488 378 1012 1157 593 26 121 779
7 391 855 825 1029 548 1011 797 1189 1084 79 1468 979 943 265 303 1111 1195 642 927
1358 87 1429 898 1484 386 1313 567 620 1177 1189 140 441 798 181 572 774 1030 1490 563
1130 876 1403 970 1330 724 1361 1171 1396 1186 419 1062 320 1050 1467 1128 2 1049 385 1333
1439 452 1174 797 1257 1482 376 703 635 216 1139 58 782 784 216 269 1270 414 937 946
1420 458 717 876 445 860 737 221 232 387 177 339 50 126 142 1215 271 1281 1224 520
180 179 1003 1362 1120 96 1150 615 784 913 1285 68 1056 101 1446 565 268 1040 843 1430
132 92 47 641 4 267 643 457 7 784 319 26 874 1353 1021 1228 1365 1114 1134 903
675 217 1200 600 117 217 1341 381 69 259 131 1414 340 467 860 1096 489 500 1229 256
672 14 314 21 716 100 1430 312 982 1484 186 396 0 463 1363 1206 957 1127 822 960
725 191 895 786 1357 97 653 1090 206 1247 609 871 80 561 890 1473 1419 424 658 337
197 287 1148 776 74 50 698 555 1269 899 693 1081 544 386 819 981 483 1062 221 1272
842 118 899 883 1329 655 258 1178 1386 951 1173 20 643 655 963 802 677 778 204 1139
1421 1189 1454 2 669 1391 497 800 1234 454 8 235 1173 121 871 756 1049 617 1154 1348
434 131 270 904 1088 1436 283 638 18 1304 1474 1409 392 396 586 142 248 771 543 275
282 664 838 157 728 1462 128 889 46 807 1214 1191 370 1115 1426 493 863 1357 388 1440
40 830 496 682 704 182 1112 661 353 1440 593 1113 187 770 616 127 75 1387 947 794
1405 405 1078 1363 110 467 792 1021 70 179 167 660 843 862 233 1005 440 429 1115 1004
573 1336 80 98 1076 1314 960 1146 1152 188 1192 704 810 974 1286 208 247 284 533 1101
1476 698 1410 262 356 432 678 351 1319 1125 1 289 300 163 520 495 1175 1117 552 656
157 1475 430 506 53 431 1199 130 116 341 473 824 360 682 487 1210 63 942 254 419
959 560 1058 213 541 619 61 352 355 1130 1043 447 858 1350 202 669 770 1332 912 457
613 1134 787 575 1036 306 1401 1256 278 1306 1174 562 30 156 948 888 1336 598 1374 232
551 687 136 1429 1054 940 207 1029 361 657 1141 269 1103 968 748 601 1458 44 1360 260
1391 1471 1350 227 1109 1126 732 910 1029 1471 1200 275 816 334 666 1456 1229 597 814 325
953 525 1158 1479 1185 1117 308 204 536 1178 304 1050 390 1446 574 1207 184 354 1091 1463
1461 643 1455 1334 347 1396 1278 494 996 354 339 306 976 318 1399 77 92 711 902 1384
972 33 1461 1130 1374 938 1381 574 387 1040 188 1168 812 896 1194 1269 126 917 657 897
82 830 1034 1059 829 1354 604 932 1203 666 1075 750 139 1068 752 668 1075 507 796 1418
1090 947 91 871 1013 656 254 1487 714 1328 24 1084 0 1217 1458 1341 591 1442 2 1252
1395 152 231 1381 301 1357 572 1072 86 409 1202 706 577 541 128 501 960 431 874 793
687 1467 1166 1262 721 807 1447 815 1347 1189 1411 246 1043 363 1169 970 866 1166 1388 515
390 1137 800 912 728 280 299 582 1202 1187 779 458 833 1256 731 269 1293 1133 875 678
1101 1165 1005 300 971 807 470 1153 638 664 86 339 288 57 1246 812 391 65 272 1443
962 1006 1369 383 887 275 1219 832 1221 430 1208 621 126 44 819 211 1352 66 238 1413
96 47 1310 1009 51 252 967 800 393 1079 844 566 104 607 1367 1107 1231 814 586 827
1084 990 1399 717 288 199 829 580 1493 666 284 403 1066 786 978 293 43 891 553 49
504 784 1074 433 137 802 195 967 1088 44 1380 642 51 1338 887 177 1368 162 1095 901
1043 1362 913 462 135 691 7 1192 37 780 241 885 1142 806 1329 374 1080 344 386 1215
813 348 1306 1124 221 1109 821 314 1241 1140 1338 180 765 242 165 146 998 1028 74 304
1048 1362 1026 236 668 390 1379 603 1246 84 591 557 948 1199 318 67 178 199 393 151
721 1115 860 87 843 607 343 1496 796 1446 394 682 1053 21 1038 1265 498 891 780 50
734 1362 1464 1184 855 1 538 902 1467 1004 1354 1441 891 965 239 440 1406 135 356 920
42 1324 271 975 983 1126 825 617 517 867 142 1345 525 1431 734 594 35 333 545 433
479 1041 333 592 674 107 266 481 669 1357 1396 1429 834 128 13 1461 102 419 749 947
1335 968 626 690 250 1458 1424 27 708 1201 567 688 1303 657 442 1295 584 992 1249 260
1209 550 374 12 965 300 912 1122 959 215 116 1288 1256 395 1053 679 1005 103 1395 1348
978 199 1013 159 206 68 1073 1454 87 210 180 36 1 340 1107 1132 403 1309 1036 1004
625 1283 1235 163 1254 80 830 323 491 1266 987 153 473 816 61 606 616 895 189 278
1140 523 1056 836 793 186 198 70 1184 123 234 1273 1401 1381 373 1057 744 595 1465 793
1395 1484 1331 761 805 115 917 397 1330 909 566 931 412 788 1451 1210 282 952 1264 1298
367 741 764 943 1010 640 59 37 1390 883 1282 551 457 588 824 877 322 1462 43 1116
31 246 122 808 373 273 1419 53 935 1487 1025 695 310 1217 828 1172 317 92 161 1124
1263 365 721 532 1018 1290 618 964 11 1199 1377 1059 132 218 482 562 1048 797 823 485
1417 813 1181 1041 1240 1117 481 1267 236 541 1046 54 109 885 1455 1204 506 1310 1400 570
1402 95 411 147 276 794 353 396 1109 1482 811 41 1399 801 987 1313 1260 1294 95 1251
298 644 967 562 718 399 734 1110 259 21 1067 237 429 1186 419 18 664 289 677 387
795 406 1411 359 641 1032 1044 1438 456 372 1243 858 768 1076 1191 900 395 175 36 4
1331 22 887 1370 486 884 1042 101 1483 3 1483 1038 776 434 875 1490 292 156 671 617
422 1354 199 1367 877 946 1044 353 680 992 104 189 1086 1345 1183 60 527 984 1269 1216
773 1089 1435 622 627 505 1296 98 659 1436 681 954 843 917 1001 78 1486 812 248 429
1086 1131 1198 545 219 295 1180 1185 1289 1327 1326 484 287 453 1416 86 659 277 708 343
667 1040 166 948 847 837 732 334 941 1044 179 15 1019 732 166 504 1226 1395 1254 689
692 1081 15 1343 188 1045 63 951 1166 1248 285 1293 1023 568 1070 1448 222 1122 12 69
585 430 866 1007 1255 627 296 578 1496 789 956 781 556 362 559 1118 1044 785 644 88
862 423 142 1172 1312 113 164 1461 40 1336 105 1102 971 180 861 51 712 395 529 1115
1052 1453 687 348 209 421 82 322 1012 1003 14 618 340 1106 867 1340 705 986 1329 335
49 218 247 221 242 784 1248 804 97 765 188 71 607 748 1343 1267 703 192 385 245
311 405 1090 1153 832 1397 1088 905 1414 552 772 40 325 238 482 406 335 805 966 1304
1214 401 1056 1362 1284 781 1167 1314 774 581 62 252 1338 683 599 896 131 1415 58 1475
596 1485 1462 217 44 901 1367 1093 1485 975 404 779 74 1259 287 972 391 1076 1264 60
1465 1329 779 1176 532 223 1423 203 855 761 1203 874 1234 787 1295 937 1309 706 793 914
236 699 562 1240 30 831 1025 845 1309 1090 1425 1337 386 1467 959 23 66 867 1343 499
1044 315 677 1222 700 277 770 417 750 1176 1364 553 293 1180 503 32 975 196 360 1237
889 30 28 538 979 193 110 863 1047 474 1018 1428 544 533 167 515 1295 1436 368 1156
373 298 948 262 1095 166 252 711 263 463 485 649 508 432 223 963 746 285 808 243
1191 392 170 437 302 118 817 514 1478 1431 1117 1324 895 313 301 937 1182 1337 492 1471
151 628 1309 771 93 744 254 875 753 736 389 526 1455 314 1096 451 73 988 59 593
1122 46 1120 917 1364 1025 1475 22 23 1382 472 671 567 767 1191 1200 988 499 386 607
969 1446 690 414 802 547 931 1101 79 1073 1498 53 342 129 1370 420 925 1282 339 1305
334 272 1268 1337 79 831 847 480 1314 308 935 238 218 1106 177 841 301 491 1361 955
82 658 964 1130 627 1461 631 976 1412 535 859 211 1269 951 103 569 107 1057 985 764
1495 243 321 717 1364 709 1116 693 987 1438 215 327 1460 962 459 169 1380 233 142 690
441 1437 1001 722 55 1444 179 692 35 809 201 1338 781 1429 1075 331 27 1299 990 1005
1000 909 164 442 783 1351 1430 52 93 745 656 1006 590 56 1348 487 1425 542 89 90
1306 275 903 179 1466 797 1222 973 63 736 627 741 1413 1275 1050 275 764 787 789 296
1435 769 997 1179 602 960 1320 38 1177 949 868 1034 830 323 404 1316 570 367 1297 1366
1279 760 1083 892 461 1364 322 416 899 1175 1396 290 761 1222 1228 1238 1005 1309 378 580
1103 1470 726 1160 513 1152 539 383 420 767 261 1067 1473 178 558 856 1153 853 147 813
528 391 1095 304 100 967 626 274 1290 1130 224 1111 1105 947 1252 790 109 1235 1491 622
968 1426 698 243 347 1188 93 392 1188 693 1342 519 39 790 1070 1452 227 1464 1499 223
299 160 444 160 650 694 605 1225 1336 424 814 1415 1387 187 183 79 995 1020 647 304
938 716 467 1369 896 170 606 60 1322 162 938 479 1038 495 616 1092 1127 579 1334 11
963 699 652 848 252 118 926 642 1075 1131 939 1296 964 682 733 1400 810 53 942 754
1498 1416 1108 1247 96 919 1054 57 614 488 1135 1076 1074 675 935 1171 767 1280 200 1137
1240 752 83 216 569 1412 45 936 1331 672 462 932 814 618 1389 485 377 1007 589 729
843 1179 619 311 1145 1438 508 50 1261 1183 912 1324 426 1356 439 808 1246 193 91 968
425 386 126 568 887 1204 1112 21 41 1424 834 286 1081 15 195 505 788 466 724 679
1389 1381 116 1266 1073 168 797 408 30 1181 678 1152 38 1129 1306 1217 800 907 654 567
176 126 511 686 800 464 991 209 971 608 1094 1164 1296 522 332 395 65 326 1086 1204
113 1189 491 337 1288 11 350 1418 165 1442 322 365 414 997 1389 903 1160 951 94 404
554 259 842 380 593 940 658 1165 358 26 219 440 1388 444 278 135 88 1437 883 1073
1487 497 1398 822 1371 1281 137 55 894 1275 949 450 1097 793 196 1094 1333 1185 1404 549
124 442 347 868 838 294 550 357 662 287 683 261 449 9 911 672 143 613 946 304
1154 908 696 1242 891 672 172 724 467 408 371 345 1174 1172 558 664 124 1347 1288 1384
722 956 360 333 640 717 1100 1191 1181 590 412 168 91 27 426 136 98 1153 1119 1233
687 246 1222 985 106 533 852 684 1309 1092 1436 323 1252 766 1341 155 679 1177 871 928
207 84 239 50 1161 731 848 1097 920 280 547 41 1050 1362 270 1272 1186 1469 1481 1072
1409 1044 49 287 652 223 1214 1150 486 257 261 934 611 855 1200 1173 33 484 494 908
534 392 854 260 499 1352 87 1139 240 947 477 285 125 303 68 403 1138 156 1240 518
418 126 497 486 1307 799 1269 599 678 926 1391 1202 852 930 959 1494 599 828 560 81
590 593 1009 1297 1465 1210 501 352 389 1165 1061 591 58 371 905 320 45 1103 168 375
1496 1146 1392 607 538 83 1462 522 333 1327 1166 727 445 97 608 377 403 871 1287 897
827 1161 1275 1321 1419 984 674 227 998 1132 223 849 920 751 1205 6 1212 340 423 530
1409 620 965 248 249 404 282 598 401 440 19 683 966 953 1217 0 424 902 1107 20
310 958 492 632 234 381 377 1328 758 400 1066 737 428 607 1440 37 1066 434 91 1114
1139 1409 989 505 515 861 903 1464 894 723 534 946 797 604 1406 1098 1152 817 393 388
116 1026 848 1019 461 244 620 670 524 746 923 334 1220 857 1444 740 791 1229 1021 677
1444 990 1268 326 119 956 1270 1026 988 1193 72 1059 1326 885 1264 80 1032 1496 540 670
163 317 678 95 836 107 321 616 1224 321 95 855 402 1024 64 139 324 580 634 820
38 147 916 1252 1315 518 537 1464 270 62 1138 321 379 256 1337 1131 864 1210 591 696
99 536 553 1414 901 1447 1019 629 843 737 636 488 1165 383 1030 1116 1477 1389 941 64
71 594 1484 984 771 260 102 264 251 155 383 1376 472 607 948 1254 448 549 1389 622
694 1191 838 486 89 907 781 510 450 381 1476 726 154 21 858 1255 1237 540 1135 320
1302 1276 1105 109 375 1426 1043 1239 1063 785 377 852 1223 1297 910 30 427 285 371 1491
1288 1068 68 1303 855 378 461 1073 519 82 247 1477 1344 232 9 679 1444 669 554 1381
895 728 608 1491 784 1156 491 216 990 1484 1113 1406 769 48 6 651 551 1137 997 1434
1063 292 1222 929 53 435 998 1017 590 1404 1053 1092 843 600 1066 1356 191 1245 950 108
339 1461 666 1224 1118 914 131 366 577 394 1418 1292 1007 220 140 538 846 898 433 999
543 1030 284 585 1036 1204 1254 1362 1241 1497 1181 190 333 951 872 768 351 805 554 676
1169 702 779 464 1040 514 194 1358 390 128 269 1227 689 372 419 486 1293 536 1401 498
586 1079 1297 731 1436 54 1348 1427 80 1255 1047 1274 48 1168 109 888 1302 1260 62 1035
1037 301 1047 1410 974 1138 951 1364 1239 1201 1103 452 482 862 1155 713 97 266 41 713
505 162 1458 1338 985 644 943 1432 1237 1200 338 1284 1152 573 679 231 1004 1292 1114 152
1125 754 1235 811 249 1477 1122 329 395 860 973 721 158 223 183 965 313 1479 2 323
1145 1279 805 497 139 465 9 631 824 1385 802 1384 1431 447 1046 807 379 729 686 595
1378 1006 617 423 574 1214 482 1084 359 1411 1166 1278 1294 381 323 769 605 496 840 881
1322 858 598 989 438 252 16 189 932 689 99 711 75 307 100 1248 91 874 1092 625
915 1387 219 776 619 942 104 310 1318 802 497 330 1174 891 1006 504 1073 898 896 897
1375 303 1177 1010 638 1004 83 1420 1399 129 680 222 858 1156 392 1018 1282 1037 409 883
1242 372 1367 1181 1368 836 266 723 121 1368 1463 994 454 61 1265 998 866 403 1086 1474
728 1185 1153 677 1187 836 494 124 1329 920 1076 1352 1146 1133 1259 1204 708 588 287 24
1077 1211 673 72 851 1097 557 436 399 491 872 127 1448 1339 109 556 755 1182 872 621
902 1417 423 689 770 569 1037 823 1102 1301 479 1137 197 329 1397 1061 1088 548 19 1249
754 540 638 1226 232 643 132 285 285 1002 759 289 1395 20 529 674 545 224 400 987
34 477 64 892 1398 676 28 38 767 1293 766 1339 378 1175 756 203 360 348 436 1046
322 972 471 757 1221 267 742 946 971 531 169 563 671 409 277 851 199 1371 1330 1478
1445 1355 914 632 1143 414 730 1372 760 123 606 117 1117 73 1171 1284 64 376 1370 1067
208 581 840 1120 435 848 1378 216 225 1371 322 1378 646 509 859 1402 506 1448 1243 346
552 1304 879 1492 1298 556 140 1116 253 740 1237 1020 881 538 312 1434 536 1316 83 882
691 1470 1137 1477 1426 1388 1186 263 1454 1358 179 484 1288 807 38 78 1034 682 718 794
569 543 40 1226 618 1067 1482 528 959 607 1297 408 1449 266 610 256 453 332 1137 917
884 490 884 92 528 1132 375 850 1068 301 992 1272 1311 1245 841 199 22 363 1450 591
1152 1362 1154 1296 372 1283 123 830 1247 368 402 1014 707 83 1244 246 1372 970 1430 394
1048 395 776 834 266 422 1298 720 105 110 999 1218 440 613 1220 1113 439 203 1398 1269
1343 1406 1016 992 127 1061 755 143 271 1371 703 297 247 363 1099 327 1270 1117 558 1389
392 668 102 1202 365 1372 1402 1042 1223 1348 1347 213 655 552 227 1417 1205 1132 671 1238
503 1337 979 674 849 474 984 456 630 1235 1333 1098 1482 58 823 830 219 846 464 581
519 233 707 819 1218 1147 1127 784 348 113 682 1296 122 1392 1232 923 740 306 945 600
240 1260 1259 3 787 267 913 970 60 1012 314 689 579 318 1034 687 1227 1218 1448 501
1389 563 520 1465 25 990 244 1171 431 502 1034 900 54 1015 873 188 580 151 457 4
91 406 1480 666 1380 1304 400 944 1203 1151 923 915 123 1371 1446 1148 1492 1417 110 1422
3 1023 141 387 1205 1086 77 886 916 863 539 1053 648 420 159 1464 158 170 1372 530
1167 1276 214 720 47 515 1432 517 983 606 234 956 754 706 75 1306 925 55 117 259
908 1313 1442 920 846 409 525 1131 127 392 1270 10 329 234 247 275 1408 913 842 1137
178 1293 388 809 1367 28 1463 1444 123 127 560 1020 1187 1132 391 591 1183 678 932 931
953 15 540 288 778 461 329 1268 546 1013 31 1188 1361 930 1400 1213 883 565 359 950
749 530 822 462 162 189 989 378 741 1164 647 1116 68 602 452 979 422 1221 560 131
662 1081 648 785 844 244 447 524 185 263 244 511 283 355 1203 1079 908 678 406 1022
465 1380 422 1206 1239 341 1187 1448 884 81 1276 1179 407 1211 277 493 995 440 196 146
930 408 730 1224 899 219 611 760 1261 109 532 1310 75 741 937 773 286 1324 724 610
1126 1250 594 398 609 1086 117 1115 805 1474 1182 1147 1125 451 676 417 1092 118 671 1010
990 1253 315 183 1399 225 1149 845 990 536 632 198 275 780 1432 1467 377 282 25 812
1100 802 95 335 166 388 1059 457 1366 1400 1237 643 630 363 864 205 221 626 1140 1054
202 1368 147 11 1366 1391 1196 1470 130 1036 664 307 894 1148 1106 710 342 1336 527 184
1400 1137 1059 909 29 833 647 1039 1413 645 548 1200 1206 472 1020 578 557 811 913 903
717 431 1407 997 101 651 832 376 1384 669 687 215 236 852 160 838 816 986 188 1274
1491 1461 1228 671 875 1384 1197 818 1334 1439 1255 1010 641 1019 142 297 271 852 1063 237
1453 1162 28 758 904 411 144 932 1335 754 562 1361 883 1249 384 427 1017 241 1199 376
1315 1028 1166 623 1099 1248 737 632 1185 1127 333 210 0 568 1441 136 1409 964 40 1146
540 946 370 1052 136 1376 628 469 834 1082 1369 1011 1482 982 239 1071 1366 267 3 662
499 16 913 993 178 1029 711 1286 563 391 1006 491 274 929 1323 1488 1044 1155 109 907
1320 1212 345 844 900 524 940 1496 1030 963 1189 409 1161 726 539 83 773 512 1310 1127
410 618 936 125 786 19 50 357 429 202 885 1094 111 421 547 531 537 636 571 1451
1392 1452 1338 984 1499 251 1255 936 136 13 1418 1316 470 1067 564 195 294 544 423 186
1480 469 894 947 570 995 1313 271 1209 912 459 788 1263 63 1291 1177 133 1269 869 1113
1440 560 1082 908 923 383 1328 1400 490 945 897 1152 1154 179 1267 752 1189 353 877 360
672 637 1256 287 768 675 220 120 1390 72 1345 796 1019 530 567 1312 1241 1310 879 1218
280 957 174 558 65 1289 1279 710 533 236 1199 167 445 279 658 1269 598 332 285 1230
680 18 604 1163 1313 1394 136 39 780 112 1345 1432 787 980 627 329 10 295 1433 1254
1217 490 1157 468 1286 49 1485 1348 529 843 1473 243 1269 1441 904 1404 1065 893 730 970
115 580 1307 366 1304 1179 1303 953 1473 1213 770 802 306 938 960 778 1334 741 481 993
726 982 376 1186 415 1475 1083 433 439 101 965 1340 728 859 1051 847 1489 1377 232 344
1114 519 127 744 983 725 243 1269 908 125 975 241 972 779 688 464 1080 954 1040 944
492 496 1285 706 209 358 1067 913 510 74 167 1145 188 612 861 870 400 632 388 1183
889 1074 702 1434 840 70 539 1004 1041 930 412 867 1063 1138 993 836 483 1254 850 1223
305 1406 879 1138 1041 813 1375 370 746 1016 360 245 246 947 658 977 1061 929 562 427
862 93 1197 760 1060 589 1213 409 959 1262 392 1309 429 1282 1133 1011 308 1162 961 1366
728 940 223 278 1273 202 243 1147 967 414 1328 1332 123 1121 1480 1065 424 1255 363 1461
175 1000 653 351 435 1221 21 889 208 343 643 1240 743 541 1232 23 115 117 1341 1118
671 140 938 996 1300 1007 698 928 1482 1155 1473 137 492 513 1157 729 1357 499 1266 796
1014 503 1185 1179 14 154 396 1019 180 1041 360 112 904 524 1412 1150 673 1163 850 459
339 25 288 925 1330 69 109 399 1227 553 1357 1003 219 459 659 1214 545 1007 571 1115
428 606 1225 1103 267 748 933 263 646 1141 464 1389 598 1246 823 1256 728 432 799 1101
884 558 1126 1199 505 1183 566 547 305 28 1264 910 1166 664 1403 189 467 246 362 698
798 140 1096 661 268 1093 67 1442 736 621 685 891 484 694 972 1299 237 1343 1012 1389
1333 865 32 1438 424 82 1181 425 932 73 191 228 295 1277 490 1397 816 634 1276 1217
1005 610 790 1098 1088 641 480 375 1139 903 1263 1151 914 135 434 479 69 225 17 726
803 1222 1359 537 819 1400 219 464 534 1077 649 774 1050 281 1390 1304 1003 20 1178 1025
1307 1202 1086 415 931 1269 323 1222 300 885 151 1486 260 792 479 520 480 1497 685 482
167 931 843 1403 89 51 117 1074 653 598 189 554 1097 225 153 480 640 1036 711 295
3 250 1181 1044 321 1155 658 1205 684 171 110 547 254 1151 678 728 1296 1379 1216 1368
259 555 1326 1465 1048 1200 1225 198 1014 642 542 249 912 675 152 1191 668 755 586 1101
724 748 1173 14 868 362 1365 240 664 463 233 1386 1188 312 833 99 594 851 1160 1093
1057 657 563 1412 1404 1382 1377 365 1121 89 269 608 204 1442 990 1117 288 1414 841 132
1390 705 1386 585 565 59 365 1479 98 1221 12 205 1007 721 603 545 375 381 191 185
711 632 1275 1281 1008 126 1453 547 50 705 730 676 1192 370 562 1415 661 655 1419 1358
1123 1152 316 482 794 384 1185 1068 1409 1344 358 571 858 764 242 1440 964 1491 1050 1148
547 998 631 607 1111 1217 33 1257 785 1325 790 1435 1386 474 1000 432 874 152 402 536
298 225 554 615 1363 1402 267 1371 104 1123 86 1356 1146 394 1321 1001 1363 876 623 1148
599 1183 1448 256 992 971 1084 1139 598 816 1386 894 1274 1166 203 121 241 1308 1285 11
1268 652 512 875 1012 915 1016 507 303 381 712 330 406 1439 526 1129 1499 1189 812 483
1190 1156 1276 121 705 353 246 901 1116 524 18 1334 7 83 1175 157 1444 131 731 216
229 1009 569 29 943 652 331 55 480 430 224 56 251 181 585 750 1263 20 1293 1315
717 1418 767 380 871 460 997 1118 1418 542 931 1485 1284 296 461 451 1397 1351 681 190
183 940 1253 414 296 394 577 296 443 827 942 119 1484 464 672 772 302 1274 821 67
1351 666 1363 674 1483 1366 1279 922 181 354 689 685 1168 661 906 561 897 771 672 1300
207 916 748 949 1111 336 4 171 514 443 768 1458 1302 1437 128 146 1104 262 873 132
1341 512 1382 764 882 1365 234 249 267 913 273 465 1377 1025 619 93 321 625 1312 1189
473 1465 836 400 72 1086 82 210 817 609 1371 579 968 1197 1242 324 859 230 1040 1290
294 1086 972 928 14 427 927 1103 967 1192 1051 572 920 301 807 173 1012 1450 437 429
931 1087 655 1025 1471 618 894 65 1462 574 357 481 724 285 1087 624 934 774 776 955
507 1460 146 855 535 78 1372 457 898 915 288 1483 26 608 466 484 737 70 633 1054
234 738 1366 164 951 1131 1344 434 110 1446 1343 769 621 1117 149 972 654 314 139 449
519 823 136 1201 250 1364 613 279 1035 873 1165 1268 377 286 1160 872 831 525 423 1406
364 366 1131 765 187 115 1140 699 525 187 1404 387 710 882 684 63 547 906 1235 1293
752 947 1351 914 1301 846 669 1013 1419 288 1206 127 4 1487 1335 1259 1367 1055 302 301
1204 1050 1295 1044 516 14 1042 616 861 1063 1327 376 40 1461 490 585 19 705 639 80
687 724 91 437 548 557 1181 1396 385 627 351 754 158 751 1240 109 1444 1041 643 293
624 775 39 1151 1132 1378 411 784 19 1172 1481 1143 452 851 510 453 971 332 12 566
860 298 1101 329 957 246 252 1360 698 678 1466 470 552 286 27 965 763 930 830 544
1065 247 1359 632 1393 707 1141 155 109 980 117 826 364 745 858 754 347 1230 533 1242
211 221 1333 721 132 827 189 712 1086 322 1475 1212 633 2 1325 689 915 607 362 694
493 1484 1046 444 1302 1082 463 31 1350 892 17 488 335 311 661 937 1330 31 783 1283
260 285 37 681 1235 385 52 1224 969 15 473 99 929 945 409 797 569 1240 323 821
572 92 1055 468 148 1119 1017 976 220 1278 467 230 109 1051 1388 27 1063 823 894 687
1071 952 547 1345 651 655 85 691 1058 391 1387 114 1186 534 1448 416 428 117 158 962
807 68 1415 193 346 360 1106 849 928 1049 1053 1172 502 245 500 1288 432 1294 393 688
12 316 279 290 1184 121 34 371 1415 1270 156 960 900 737 966 1400 950 369 981 1431
1320 187 228 1221 773 358 336 1318 712 1345 836 662 1340 25 1426 1364 850 1291 862 1384
56 1417 355 410 777 232 1048 899 638 1425 82 730 1105 1245 171 1440 781 1379 1074 900
991 1226 691 143 1332 1429 225 253 604 1026 1217 65 403 970 326 131 1123 550 182 122
669 688 1040 1442 465 1334 1250 1167 169 641 1035 1205 229 1391 895 613 1083 1137 860 340
154 1275 630 320 113 893 449 1331 454 1471 950 309 856 1083 520 418 542 183 762 1156
1469 775 1475 171 970 156 313 1422 66 1335 642 974 188 681 1069 739 673 515 846 847
438 511 670 80 389 925 670 1122 253 284 1477 758 1214 69 613 1358 362 1035 599 656
107 622 988 787 521 290 866 929 271 1123 671 499 730 617 264 15 743 310 1385 363
146 1425 1309 225 1175 612 718 839 865 894 351 1349 30 382 1414 457 1063 176 713 1142
1040 613 80 678 648 287 930 122 331 546 1298 1473 1473 1322 433 1056 817 862 1285 1013
1150 1043 492 1220 1226 923 835 675 1160 868 934 1097 1052 349 95 645 855 515 471 1129
1491 1366 929 631 926 1226 825 165 1135 1146 515 1229 171 1263 1318 100 1263 882 960 1483
1062 562 1214 648 1225 1132 538 1131 590 689 628 257 831 1237 357 862 805 522 589 1143
1357 1253 1052 419 1254 445 650 1123 966 158 1265 177 535 997 1120 1402 602 97 729 613
1098 651 851 700 986 675 559 413 186 966 717 994 420 1449 204 982 793 1252 658 216
682 24 837 294 732 1278 176 223 968 892 290 1022 968 1487 1298 319 808 437 670 1125
740 710 290 766 472 1125 574 410 162 35 8 770 1115 242 713 1330 45 889 1470 1247
1001 1398 215 423 410 1371 1007 1370 254 597 156 809 1225 617 50 647 1391 429 935 1288
642 459 1207 211 754 1122 545 1220 354 1230 1218 1070 1261 646 100 1403 101 1257 1152 146
203 1218 607 674 267 457 423 609 339 601 622 1180 1105 732 179 1198 418 1340 980 645
27 125 476 1452 810 1100 139 859 1461 1033 916 1361 35 1337 799 1076 1156 848 848 332
1376 1190 1132 1061 1371 125 936 27 532 618 803 1036 664 645 789 1009 378 1284 226 1234
698 497 1351 452 1175 352 1085 238 910 123 429 8 645 1455 1281 1324 1276 104 898 646
1091 110 1377 782 73 1244 1243 401 49 1067 413 1301 884 1199 1422 64 1411 1241 521 172
74 461 1326 73 150 1285 1396 1140 1092 311 885 1351 540 927 388 854 305 1364 464 1156
142 200 309 544 1462 1032 95 91 661 215 1111 1363 496 568 480 1191 1336 1370 631 1026
382 355 1462 1374 694 1445 1253 948 686 621 455 862 1125 1403 450 1434 1474 1408 756 291
1487 1239 562 1039 348 178 1465 1146 350 248 43 285 1396 80 1176 1151 1481 1485 1175 1162
174 225 992 179 623 613 64 775 1302 839 1108 458 45 1271 11 763 614 1424 831 986
168 822 215 394 744 429 1110 854 322 930 1464 546 686 90 108 1015 1288 829 326 1364
1364 40 323 1250 114 1258 1481 671 1226 1305 29 39 1015 177 37 616 1232 1116 375 1175
1268 924 653 36 695 386 917 1338 1378 515 489 1329 558 768 1461 813 1150 468 1182 28
111 335 1363 1421 1383 428 809 1412 154 119 1176 782 1155 899 1073 685 895 26 5 41
1319 1191 1077 1397 401 31 874 617 1038 782 851 314 595 1232 497 769 382 827 1445 521
1359 1287 1482 1399 1144 124 846 616 691 825 595 1438 35 62 673 177 182 257 1382 125
829 583 1003 596 1321 1201 1108 109 1070 590 1455 100 519 1435 1494 926 475 1098 853 510
1451 998 1370 878 1076 1407 390 476 1147 298 878 132 184 1263 748 471 8 738 1022 1162
103 534 603 625 1310 1177 622 1055 427 326 297 1383 135 600 641 77 941 1102 1391 23
1457 873 1257 508 982 1290 871 398 1437 539 781 1280 1140 878 251 199 732 1155 1488 815
1180 1338 344 1450 1434 640 761 732 1211 740 577 541 1223 479 1427 608 1099 333 1303 162
877 1347 1239 1204 1157 1026 397 222 501 826 795 1164 1026 1060 523 103 1046 1414 827 429
1040 1244 232 1411 427 1052 404 691 1116 391 177 298 1126 1012 1262 532 1043 642 621 743
193 1366 999 371 38 887 993 1155 1398 869 204 709 920 938 1183 1444 492 1188 1168 735
760 1096 1133 1019 765 372 882 790 657 667 1041 74 923 1494 1356 1328 700 384 1263 1046
713 1195 650 1369 1438 890 224 245 1109 1414 607 243 248 409 666 1012 758 799 213 0
1324 72 1083 926 761 1224 487 816 475 861 1449 1375 773 878 1195 207 454 521 1392 1425
1076 1427 594 475 527 1481 1214 14 260 1495 1376 840 27 1205 743 608 489 1170 39 1389
747 224 1462 46 972 899 606 1077 1393 654 726 573 651 27 571 803 137 1084 646 1073
453 1214 1136 1316 114 1339 1071 459 493 85 443 976 1344 437 448 1181 671 1338 903 113
286 93 1108 409 860 518 592 743 235 186 281 527 148 733 488 1490 482 581 164 1443
1195 1008 1401 598 491 606 604 545 194 114 27 641 525 1067 1291 896 701 900 512 875
400 148 1465 183 644 1004 560 1016 1266 1271 53 294 1324 289 1068 477 548 1009 301 1053
765 404 988 628 795 66 630 302 43 988 1171 1419 681 65 1178 1455 1399 1343 980 732
183 1257 1048 126 880 222 232 503 1102 61 405 1478 448 76 736 1037 580 352 1026 160
1298 419 1106 755 237 1345 398 543 1143 1069 980 524 616 880 1070 163 427 60 1062 1262
481 1435 960 339 671 654 1242 1030 18 1389 319 266 462 81 279 1211 1424 1357 1491 1397
1022 308 840 818 1445 743 1155 1266 329 1287 1472 336 950 177 1028 342 810 858 914 206
395 315 1224 395 1031 170 496 1035 1311 1180 1005 938 1270 258 161 421 1439 1210 1022 882
978 1318 1012 107 176 1217 867 811 96 1467 824 936 751 1240 1242 891 60 157 296 1135
5 930 1214 644 524 1127 1417 1077 569 1062 124 1248 1205 1211 345 1481 495 890 1101 1111
995 410 520 354 53 1456 1365 788 731 695 567 1003 1451 19 288 531 856 1313 106 621
1152 430 736 1011 1132 904 771 729 1020 73 800 153 401 1379 1430 335 973 197 1312 1239
851 193 493 1111 1128 600 711 1490 346 1370 115 603 615 690 232 1252 1162 714 1494 482
730 709 462 370 52 318 1335 1415 76 1365 160 1291 271 288 1126 1287 353 852 13 186
642 771 1388 1358 1478 966 729 131 210 65 722 914 130 590 51 1342 422 1495 1206 1017
425 843 961 453 653 447 90 1415 1145 991 8 946 1091 1396 910 346 1314 1203 522 783
1469 172 256 744 1091 124 696 612 168 1129 115 763 993 519 30 1024 1379 836 354 1116
512 1326 660 179 1159 457 1091 535 179 1220 1209 1232 812 708 223 660 485 116 193 752
410 1217 1178 792 1171 814 600 713 1322 233 1393 1044 63 1383 1418 1468 432 30 1221 1213
819 797 1091 15 1341 325 1358 953 373 865 1454 151 428 1319 899 260 1215 759 731 1351
1258 175 1162 784 1105 885 666 546 1452 646 815 1236 596 1467 843 1116 621 159 451 1217
591 1003 630 625 1126 431 1458 1091 682 1382 1178 824 131 1073 575 749 410 1249 632 1205
425 902 845 1295 790 240 302 206 792 342 1165 959 209 835 1070 85 1056 560 844 237
479 143 42 1016 433 1374 968 761 335 225 339 27 1228 978 295 349 564 415 996 458
789 289 1269 1223 1174 911 950 88 545 1407 1243 1358 431 323 1203 1452 208 333 1239 1225
1067 719 200 303 182 1061 909 1395 1170 89 1285 1455 786 553 721 333 419 77 1349 1085
347 804 57 1418 1345 517 888 635 1135 1203 873 1162 1491 754 39 127 369 761 823 214
1161 60 80 1178 1178 950 447 1401 1022 229 1336 205 1149 571 1189 221 909 1381 734 1282
592 1256 427 770 806 355 443 1223 1418 936 1426 918 340 1258 1377 642 1164 696 797 1347
1070 1357 162 291 1126 820 51 935 16 336 736 565 938 840 1268 327 377 428 1361 344
992 947 1157 607 1259 30 1150 92 1154 727 405 775 1120 755 152 120 1339 118 496 725
433 609 176 1283 1464 418 504 347 1391 1176 580 1370 689 1062 1127 581 1179 657 657 571
426 266 22 381 1283 594 462 819 1317 1322 1310 165 1257 204 44 717 851 327 1035 640
636 887 1085 1004 440 1168 54 416 108 1469 343 1196 1362 1042 1360 1105 492 1391 884 873
1150 308 347 212 747 153 296 1386 912 943 1089 1069 349 1422 52 987 320 574 490 688
192 1193 1447 230 1428 639 1308 871 1282 417 1205 181 315 408 862 918 647 1081 293 1250
193 194 475 761 213 1264 649 254 923 481 661 562 882 945 646 142 1345 645 292 811
1125 1404 986 1184 356 1373 374 1384 446 71 843 523 1131 835 1223 882 1397 1093 1419 910
1075 466 336 396 191 174 76 1204 1193 399 542 485 670 1216 278 322 941 1324 1318 1012
1267 1439 802 714 1154 1388 1043 383 1296 993 1063 238 478 1280 776 31 113 419 604 663
1400 1482 65 290 1436 1238 58 38 41 318 775 411 55 902 741 538 334 111 922 431
1034 1441 116 1287 742 753 4 1372 391 992 415 663 934 1338 1397 452 1104 932 510 1064
282 1284 1030 1134 629 851 1433 1060 1194 1421 688 228 304 244 655 1104 588 871 596 385
1214 270 1025 1349 1262 1159 1162 864 221 1197 522 1381 1243 57 96 467 737 1490 1381 399
364 509 1313 625 293 242 1476 562 1444 204 8 1496 1237 551 961 253 278 1405 48 411
151 490 773 1417 915 299 751 1123 740 763 634 665 87 833 1174 190 565 164 574 908
314 56 828 911 821 441 1192 866 1081 1451 1448 1279 1239 745 351 1351 1039 395 1325 1163
734 143 1440 1174 1078 451 369 1003 862 297 862 1259 642 477 385 1175 857 776 1141 757
578 1322 160 1213 1472 941 54 1048 592 1373 1465 1277 601 1117 978 667 1131 660 1036 1355
17 1373 944 650 740 181 201 1009 197 1498 1066 1405 446 418 1318 362 843 106 1248 739
1172 989 59 255 951 833 1050 679 988 1368 718 648 952 544 960 494 471 381 534 132
766 713 129 1455 462 179 169 1100 375 337 998 709 820 811 464 303 704 147 1021 907
1430 1223 435 709 962 943 1249 743 685 693 995 819 403 740 1466 314 432 1004 1081 1361
144 888 1287 1041 956 1498 562 1259 339 420 1290 927 1169 800 607 178 952 1129 1083 696
1124 189 644 1240 909 108 414 523 205 110 1202 1231 1411 50 1448 796 876 139 1171 1394
1352 1419 1111 702 1229 212 1434 391 597 66 16 481 718 324 1337 781 1079 583 281 1137
1389 1381 1249 320 151 1416 357 249 780 1022 758 775 1132 1381 1128 1448 434 939 576 12
173 339 1498 475 1105 920 395 1492 165 1199 1059 1361 720 1361 540 630 849 412 1165 449
468 1186 135 208 1430 564 1331 602 808 1009 678 1073 593 247 1469 1134 190 1367 1004 940
1084 1408 51 658 921 558 1425 295 428 713 653 631 1195 985 1318 336 1310 614 1498 216
1451 845 859 410 568 198 755 581 137 1426 910 256 735 1452 386 557 1398 607 1395 41
1260 1211 1489 972 15 533 1267 474 1397 1230 1134 885 198 352 699 100 539 460 1094 293
1334 620 688 770 903 501 35 25 862 1065 682 702 850 974 476 292 1126 783 1330 1404
1079 237 650 1438 1499 482 726 105 561 582 278 1297 301 850 898 1265 619 1438 444 559
868 672 362 1105 354 1211 231 74 1194 911 532 1093 291 850 903 1006 664 1075 1360 1370
14 1115 1461 878 122 13 732 773 1164 1140 1326 971 658 280 679 61 978 877 198 774
749 752 508 1437 89 361 261 414 267 1499 1454 1011 1235 43 732 367 1265 1095 722 1458
1268 1093 248 1352 1274 640 1174 1036 1144 325 424 1109 1040 1332 990 264 41 1114 967 1449
278 1097 398 768 152 683 1414 369 1129 464 317 364 1070 1207 240 794 729 786 49 169
304 613 1346 1355 1023 197 1030 1318 1188 81 1222 1396 1374 938 458 1298 343 81 429 1163
984 1246 1459 831 947 461 159 858 1003 896 918 368 613 899 275 183 1410 812 1272 415
894 363 782 6 427 1482 1189 1075 70 1336 74 1486 1424 1127 870 1142 985 1396 752 576
532 1427 952 460 447 487 45 469 841 976 132 799 581 1212 754 676 1457 1197 879 104
613 757 1225 545 1075 1368 849 715 1152 443 1132 739 384 1002 967 1415 143 1419 1297 1382
1224 323 1451 154 956 90 675 414 328 371 1464 1458 283 458 49 449 311 481 928 17
1303 354 475 76 683 87 987 1472 116 1365 662 774 1142 599 1219 648 752 703 1428 919
1404 207 1132 47 840 1341 399 1002 1077 461 639 1360 406 1157 1497 1414 849 1476 873 843
262 264 1438 0 193 1397 78 429 791 854 1299 343 1245 950 996 117 897 253 762 1279
781 1398 75 593 350 765 1157 122 1106 882 463 268 738 452 686 601 128 1097 183 469
541 1351 958 71 114 328 1486 818 1465 791 80 628 559 74 342 310 506 313 1323 1499
1101 433 379 47 408 346 830 592 334 1198 1194 896 592 407 1049 1271 381 8 896 452
1141 229 343 1322 547 858 1126 1264 230 709 1185 1390 684 1244 1096 1224 542 1269 49 1398
456 350 136 1378 1447 248 245 226 1320 1096 677 549 1135 1038 95 853 1057 1030 514 1179
1027 1097 361 1394 253 296 382 1247 1078 81 300 1171 1130 1451 1135 1403 355 1081 1250 1236
129 46 1329 475 298 186 69 696 112 393 486 1487 501 178 264 708 621 1401 749 1484
716 598 566 953 137 618 109 295 530 459 592 150 818 1235 1160 348 424 1378 1221 128
1390 329 390 1360 358 223 453 599 872 1363 618 1455 687 757 944 939 519 1038 309 1091
412 496 842 648 1432 39 727 1358 409 821 1495 432 1221 832 914 1255 297 465 297 420
1271 990 1403 1477 1163 589 698 567 437 745 702 297 1040 443 181 1233 351 749 1404 636
249 1235 62 588 1095 143 379 362 623 142 36 71 388 833 354 132 537 683 612 1069
1170 961 495 402 894 1068 592 162 155 931 1177 373 1121 1240 1010 538 1070 657 116 222
130 1332 981 15 279 246 274 785 1284 1433 109 394 912 979 17 583 542 871 552 1430
132 647 965 1003 1273 985 1121 71 1303 836 132 744 501 266 529 416 662 1107 142 1180
1145 617 705 798 358 555 833 1250 1294 189 1053 402 734 1074 1020 413 623 1245 645 970
818 634 1217 270 137 749 68 199 892 756 161 989 407 234 250 796 791 741 976 652
1119 857 711 237 548 1151 1158 431 550 136 563 540 851 1044 159 929 865 8 473 984
1429 83 300 837 1394 1265 1438 488 913 1124 244 906 1083 968 1209 628 108 44 412 548
1171 519 1306 1276 682 1194 480 214 106 1235 781 522 1104 922 836 122 947 12 802 151
1418 1413 379 246 225 352 588 666 1304 715 608 1210 452 533 495 540 595 315 1217 1431
775 1026 76 1418 1391 338 1074 1229 329 1213 253 997 1360 132 908 194 414 731 1107 576
50 1053 1336 432 1289 1178 1402 1040 1474 976 1471 670 196 601 1405 271 1160 1475 1365 627
813 360 876 441 1017 1197 459 1048 709 961 1159 986 1452 498 687 246 37 210 1370 1333
1379 866 461 1113 550 833 1081 478 572 1453 1301 998 1246 1307 923 560 254 215 453 650
118 888 1312 803 623 1441 105 384 1380 694 1112 147 757 302 486 258 792 237 579 250
1271 1023 926 1084 888 452 133 385 571 20 848 6 1146 402 937 131 207 908 1146 1358
342 1017 480 941 230 247 1153 1204 331 682 901 328 1245 1251 1304 1179 696 1170 683 241
1048 106 998 798 917 902 583 995 688 821 786 60 696 1415 129 899 120 1388 1347 1438
46 523 1008 1375 290 247 1403 105 613 642 513 587 97 917 866 1101 1089 1000 1374 307
418 701 1234 1294 698 701 588 1250 856 1224 1485 1290 325 1288 1047 420 1362 1008 60 944
608 938 394 384 289 299 632 1078 852 1441 1153 142 185 836 1084 1272 831 314 957 1314
711 528 104 631 165 1437 728 718 661 265 534 1382 88 792 471 816 198 567 1460 895
318 972 714 37 389 49 1242 1062 1379 1410 307 730 667 1264 770 1044 601 486 292 1162
1307 72 644 569 374 867 576 1293 867 64 1130 1003 678 1269 62 575 1257 1481 1443 924
303 885 827 767 277 1455 901 1191 114 800 1399 1223 303 751 1020 1351 589 288 240 1266
183 191 966 1186 468 349 1424 384 1227 168 1059 322 794 992 1145 216 1441 647 784 99
455 690 980 182 595 1247 962 1147 1385 242 1428 305 995 895 497 203 57 1366 426 110
1269 338 990 713 1228 518 472 1054 878 290 63 892 1189 1149 1340 335 1353 1027 860 416
938 157 1444 906 776 770 134 1264 664 830 780 570 957 655 929 599 1318 79 1057 744
1470 429 1283 1094 322 719 250 857 1007 125 1403 1468 94 601 987 846 1472 182 1121 1412
830 405 392 63 1253 622 1338 1385 639 1420 364 567 1252 219 982 1277 245 114 647 1128
815 915 1224 846 850 699 1422 1381 1260 272 2 947 1358 1033 1216 1183 726 344 439 383
1360 267 1320 422 1463 1374 1170 1080 1139 174 935 1066 814 1054 1126 26 132 678 1137 686
40 40 377 1093 392 1340 84 566 1044 1241 1035 266 1216 459 570 1178 1253 776 1474 77
134 1013 1017 320 272 1394 1369 1320 823 1230 79 678 424 686 398 70 1193 925 1337 1209
1391 473 606 376 316 1061 518 826 1100 1390 1337 1099 706 1053 1459 488 1273 1351 1125 812
696 1300 477 556 1024 357 370 542 432 9 883 907 759 615 1040 338 1191 267 263 1443
1285 248 194 578 722 1105 18 1074 329 772 1138 37 458 1238 734 1096 675 131 995 637
578 1490 194 1425 716 953 129 1321 1049 783 978 957 520 1342 1418 942 538 45 1353 129
400 1182 1224 845 286 594 160 336 1315 306 211 1287 1282 1246 989 931 958 1465 410 799
51 404 490 310 829 1279 1022 764 495 62 350 482 533 285 548 907 383 656 1184 1149
606 954 333 1288 316 1397 561 104 372 172 1358 1218 192 1107 1085 901 1204 808 1131 518
556 119 1482 1048 970 309 1201 207 265 830 1341 706 886 1005 1177 476 1385 161 786 236
240 249 892 1464 1064 694 676 1444 693 845 248 561 645 1292 1292 696 1493 885 967 1477
37 838 193 353 1489 781 1200 327 948 280 755 724 408 1334 718 483 1132 824 650 24
1024 370 28 345 1443 1302 1437 1061 1120 291 1482 425 130 91 1137 42 692 507 1368 842
1178 281 525 368 790 689 139 645 568 157 865 164 1457 438 1181 258 62 287 733 640
385 109 818 539 480 162 25 302 720 431 1183 515 318 1145 927 7 684 83 156 928
250 810 1438 1248 1115 1247 611 20 736 726 1439 1333 41 960 1187 1092 188 978 1196 300
1271 341 243 615 1064 742 571 1282 1387 472 979 883 905 170 432 1094 512 1071 372 1128
992 1476 200 1058 484 947 198 1238 1298 827 850 993 174 533 1318 10 589 858 1146 1004
1163 279 1090 413 878 621 621 775 142 703 1189 112 43 694 444 862 1478 1488 229 982
1060 681 1441 1089 1260 1374 699 577 436 1021 499 709 1092 98 747 200 151 1275 766 1221
923 226 1079 1461 247 1097 1158 107 55 689 290 756 933 573 15 315 1143 81 1319 158
878 489 92 1047 1414 1187 1120 1187 155 1169 1274 1188 549 66 237 540 251 609 1387 605
1415 1351 1156 680 182 46 709 523 1030 126 984 330 326 296 1370 860 469 875 1088 1105
471 966 803 1371 697 893 1423 371 1044 1416 863 429 206 762 1363 751 213 624 914 598
1404 116 452 846 205 829 292 424 1336 277 72 564 74 514 1158 1439 1499 752 721 535
1241 1244 1005 619 1099 517 928 1135 222 263 19 1032 1375 605 1449 936 137 1045 59 288
241 1067 1258 875 665 374 1382 200 1211 839 887 1057 143 736 742 1314 1100 1306 417 397
567 1116 1140 84 385 515 537 706 893 1442 1439 299 838 447 1371 150 1399 697 740 597
897 109 334 719 1157 1260 458 727 1443 771 1400 810 463 1426 37 1478 1060 1351 883 1362
1086 542 1152 942 1361 586 508 1081 905 23 700 286 1064 672 1088 1023 1103 1085 1020 205
638 785 1095 816 1279 921 37 352 206 932 207 1114 846 420 321 360 1276 1348 808 136
1293 1316 1245 892 1114 1026 595 67 90 954 973 229 1483 947 1460 860 453 378 368 1291
100 1096 254 236 201 281 243 1450 1024 852 1455 347 1106 697 1396 194 534 1236 898 373
453 1147 364 1182 1343 439 1362 1387 361 48 1056 1406 522 329 726 658 738 1108 1349 972
621 1316 697 754 213 1337 1113 441 1223 541 257 1072 585 1236 1239 689 898 471 894 1055
1010 907 1351 262 832 280 1253 1123 1085 741 508 989 63 310 1342 1053 544 516 443 1353
1342 199 296 55 417 234 1356 593 924 368 1386 202 1244 1139 1397 1430 446 737 518 1166
791 384 260 385 818 435 55 992 415 83 315 433 252 780 788 180 645 1472 539 1227
945 62 1248 886 1335 921 1320 908 259 536 513 61 855 38 1388 598 1342 1426 791 415
1441 129 833 1438 439 829 1319 278 1258 134 345 210 929 809 298 1149 236 756 450 252
453 700 718 1295 1350 510 633 1477 219 1049 997 1370 1206 1330 1492 1207 704 738 747 1076
1211 1373 654 1131 1411 412 706 518 999 352 1127 1035 1003 1434 1289 203 466 612 683 520
1177 1366 271 1161 806 1018 309 372 1055 1090 179 1132 241 964 1046 186 129 244 643 244
723 141 1437 516 1036 978 582 83 98 1028 509 1283 579 1390 940 444 447 366 1388 619
972 947 391 1409 1195 511 80 1417 1114 1401 949 405 488 416 626 780 25 592 890 326
1272 459 1244 1253 1499 925 293 491 1262 113 676 241 399 467 739 483 38 1430 1029 735
1409 655 369 300 1055 32 442 639 1435 812 400 868 840 548 528 559 559 1119 860 499
569 519 718 261 883 827 983 1134 1428 742 252 1174 1379 153 1497 384 807 1194 1323 204
1000 389 684 1161 1486 791 8 96 304 675 347 486 151 269 502 1056 1334 1419 368 413
1420 678 378 1179 1269 860 451 355 372 1100 234 135 669 540 686 717 43 1265 777 1437
950 70 928 169 1345 485 1339 1185 459 1230 316 1066 227 950 35 445 277 41 134 1060
855 268 1282 593 118 1101 314 619 515 889 1475 841 550 1076 1121 1220 1422 110 1158 310
157 1029 681 1496 287 58 719 576 592 185 597 99 172 1234 261 514 335 1304 420 609
908 67 461 569 650 85 301 1276 1398 1329 771 947 261 24 1198 811 164 1331 529 193
958 895 1187 1124 997 816 160 645 224 648 477 1190 1241 547 1192 93 606 648 716 759
494 280 1293 1453 748 1103 1163 507 1445 1356 541 112 418 181 69 1215 504 1008 1299 1075
1220 430 307 698 531 382 1016 904 652 319 1319 1455 1482 1041 301 619 1036 294 352 580
102 518 85 772 674 245 424 160 969 885 1077 239 1301 1402 52 1006 1028 939 820 1370
1299 500 32 1058 1092 1311 1194 126 1022 1320 458 222 544 1495 59 998 1241 265 93 514
315 1495 123 1478 1425 1460 1095 424 184 1163 749 596 463 396 1081 1073 775 1015 37 250
790 1322 879 1150 202 741 624 1449 94 1257 307 1343 178 1307 568 1387 134 852 1168 357
985 348 790 274 331 730 569 113 992 1403 346 222 204 860 589 866 1037 567 1207 1386
803 1467 1157 1427 1315 1096 1390 367 394 617 568 1189 1118 1056 597 631 764 656 1212 893
873 778 1281 1198 347 450 979 1355 1371 986 1141 1256 1142 745 1409 924 473 190 154 445
822 1140 1305 180 48 150 899 447 1091 988 378 244 1437 560 1265 28 713 292 837 1265
351 1385 1470 1244 369 44 659 1303 1349 393 223 410 822 545 873 302 817 1158 271 1239
894 371 1463 952 673 938 1307 625 517 1085 1383 964 1002 1364 1293 454 342 1432 557 540
878 1174 3 1329 155 704 478 360 457 373 643 771 14 937 243 327 1452 47 1414 615
2 722 1245 89 407 127 763 241 142 1461 516 175 648 144 1067 1359 1310 568 1098 180
979 1418 1100 698 539 373 1359 1499 887 1447 1303 2 762 1495 164 1166 99 499 24 681
869 486 1309 936 888 1136 266 404 1114 986 1020 423 775 1353 873 1261 1305 896 514 291
637 958 1442 1421 915 751 1099 176 228 459 27 759 323 764 147 331 853 1364 709 599
390 1342 981 962 1030 1007 1204 1183 296 743 68 110 342 1369 795 1277 1138 180 1137 1448
1225 783 993 1211 1388 111 622 697 67 1266 384 1020 466 1160 995 579 839 175 866 417
680 987 845 1282 1155 1039 457 1401 1311 1448 1272 784 1431 815 1490 588 943 191 1254 64
315 1197 607 1196 1261 144 544 891 286 1161 1250 1482 1433 963 777 646 675 320 288 302
958 452 735 1317 625 28 453 774 1222 756 567 893 985 862 1041 1491 937 1145 598 291
1044 1241 506 411 1058 538 116 638 207 837 734 879 103 1088 683 408 1104 1289 991 870
896 829 274 1364 1332 1215 322 16 32 548 1243 405 1260 1412 1307 380 1325 1491 335 490
1214 1413 1081 1081 1086 723 550 1063 643 602 168 1232 1460 231 465 1090 428 374 736 192
1091 1173 694 379 231 97 972 1260 984 1107 1296 1317 228 1140 430 140 35 1195 758 852
1174 92 607 823 851 194 842 1385 1474 1075 141 94 595 1284 671 131 972 1012 1034 1191
100 1270 505 829 938 1314 1284 727 481 762 1178 389 702 646 317 836 858 1486 576 463
461 320 474 655 374 929 299 1327 443 878 1453 630 1142 867 681 957 911 1012 56 746
1358 1365 209 968 670 616 1 1010 1411 1458 767 922 645 1435 1126 1038 485 1051 932 117
1397 989 1305 1472 492 88 1228 1221 1484 517 842 1418 877 711 473 408 367 1346 1129 18
119 159 1203 1036 871 711 158 72 712 1231 940 707 582 139 9 1246 803 803 695 73
764 1405 1369 163 289 370 738 104 152 313 839 623 994 1314 173 903 1238 793 1298 116
1175 1493 874 1192 1400 192 605 1436 7 769 756 1305 1243 1333 550 1444 1383 116 890 1394
997 276 367 1274 716 1180 119 1125 347 583 105 135 1329 704 706 311 190 858 1051 113
1167 1469 989 197 1398 908 521 933 951 862 479 669 407 747 1050 842 1220 1320 739 1436
1421 519 184 832 16 1434 1380 922 301 779 1061 722 1105 1389 1441 582 229 1134 1433 892
605 468 499 808 170 435 788 36 1400 588 1196 1046 304 160 967 124 786 989 892 400
691 1119 1291 150 136 111 123 350 434 1199 271 794 861 1209 1216 105 4 539 665 700
923 1241 170 1121 505 723 469 951 357 1434 334 1153 1187 832 1047 454 103 108 434 1006
1051 856 143 993 515 1055 153 1023 471 319 1100 973 904 363 893 1235 239 207 659 683
967 233 1375 1008 1242 84 491 741 1472 652 251 294 204 864 668 529 843 912 1378 430
1311 387 214 447 201 70 73 1387 1227 520 109 1431 1366 1201 738 879 363 370 1479 632
265 710 59 1294 20 787 1215 809 93 981 332 370 395 492 242 1091 1164 1018 419 281
768 754 370 1417 924 1220 471 77 495 178 285 1342 399 932 507 1151 923 318 1380 1238
1096 22 1313 826 371 249 385 949 962 1094 1141 420 827 958 859 186 1006 268 734 426
725 1285 367 1048 883 852 633 935 1182 1135 294 1248 878 746 979 1396 751 14 431 568
1455 359 153 718 915 95 867 953 412 2 799 674 477 1066 109 57 351 931 279 363
832 1353 50 537 177 586 1052 471 1305 36 1496 1132 747 41 354 422 300 1317 1272 1098
1298 429 1274 237 588 1445 69 1226 656 1481 1216 575 1153 289 451 1312 1231 34 730 683
242 357 503 62 738 1351 1316 444 1235 925 664 806 355 1091 1208 1003 329 62 1241 422
422 773 721 1044 134 1389 363 243 946 1134 25 396 1156 412 1021 206 1204 915 892 1268
1471 969 1251 641 1321 1042 303 1172 797 190 173 550 1076 465 1256 212 1135 1467 348 706
911 878 371 274 546 250 1337 779 969 1443 476 1074 1204 1215 962 770 1095 971 1313 304
7 144 62 102 908 923 690 61 870 342 962 98 1426 1293 641 933 765 317 1448 674
773 1132 958 1494 103 187 1409 422 540 842 245 735 1059 112 784 1029 449 75 904 993
1265 399 1374 147 1071 860 32 1374 124 1360 878 14 1415 1474 300 588 391 627 648 304
194 1262 303 1481 898 127 671 847 382 531 297 910 624 348 248 784 318 415 1482 1107
996 143 578 488 949 660 424 524 1149 585 206 237 95 473 1032 1490 1399 636 166 1153
893 350 5 138 114 704 140 605 899 254 881 1397 19 130 1233 483 201 568 1073 1070
260 112 352 804 1196 261 950 235 1499 1351 818 1427 1404 735 812 127 867 1159 473 115
738 1057 356 1456 636 230 959 388 644 648 71 274 1001 109 185 830 485 1315 895 58
1057 64 411 1136 1040 1451 622 67 152 690 732 1242 786 1215 648 900 745 622 1315 491
94 456 327 1268 1111 1003 970 911 222 1074 1089 1456 501 1296 1340 1 1069 437 536 336
308 396 8 637 461 981 363 958 1190 70 1250 1267 1312 1182 907 576 190 1242 883 826
651 244 330 1169 1264 282 1110 741 215 743 556 589 88 617 582 1213 1353 1075 870 196
407 1135 412 692 1320 1161 237 1158 523 474 56 803 992 339 105 594 497 626 480 1429
1398 43 888 541 595 857 1414 885 1227 613 426 1003 1157 424 188 1351 238 188 844 1142
633 428 740 367 1129 1248 1215 229 1229 237 1143 196 750 90 899 1314 1145 965 259 1038
1144 1326 122 364 68 77 1319 180 280 1432 284 941 713 683 1360 1390 894 1383 1086 1019
1447 686 1291 675 1115 248 857 183 543 1064 439 63 218 419 1090 813 558 51 385 986
701 1325 377 961 950 1051 683 1319 46 491 1240 545 828 1261 824 405 601 901 614 116
276 1318 1247 85 66 1180 1266 839 541 244 69 1125 641 610 859 315 1152 792 642 666
795 562 187 161 946 126 929 179 747 300 1246 272 869 1428 1410 871 328 1393 262 91
1481 1354 300 786 231 188 847 1048 1032 1179 1365 1376 67 570 353 1269 468 378 1118 1480
523 843 734 309 673 1365 822 58 968 730 1151 1399 785 385 1146 541 225 392 863 914
897 823 1299 1193 471 600 1057 955 1279 264 785 845 843 1376 1413 570 1240 1229 1300 322
1469 1294 947 353 1225 235 774 1301 685 55 1293 54 892 720 569 1056 156 344 927 601
254 652 1212 482 1272 1231 1058 899 1451 660 599 1158 1253 1386 1212 183 170 542 241 43
1476 156 784 197 1088 23 699 370 1356 1157 580 5 1306 994 1348 1238 543 606 243 284
777 815 1404 1130 78 418 461 611 787 205 435 638 1094 554 1132 1253 293 991 680 1074
1196 16 170 849 1173 1411 200 1421 810 1107 472 677 487 341 439 95 1078 1458 526 539
489 945 183 1491 127 1468 913 504 1452 892 521 1441 732 86 919 99 690 66 325 1096
118 984 1199 1238 1188 882 583 1209 1331 1369 283 1173 827 824 1090 1449 1115 267 799 1172
1296 1454 710 1398 931 756 710 865 994 1088 291 475 415 1446 1317 199 424 415 373 1171
1051 24 589 1280 721 1432 831 521 334 1375 715 387 74 414 678 946 659 673 995 398
520 1171 661 449 517 360 931 1432 1092 1223 505 289 828 187 562 1264 364 789 1107 790
240 399 640 643 397 707 1034 121 1355 1227 794 1281 573 1301 212 922 1271 1173 96 505
483 410 74 76 639 282 1100 1052 1344 261 978 1065 77 881 1198 930 130 961 830 697
50 632 499 32 748 1301 96 304 783 1176 500 1294 926 1328 913 628 244 57 974 1238
1387 1190 4 726 1236 851 1281 1375 247 1336 357 981 1434 1258 1346 918 721 1228 88 128
1316 490 663 864 1404 378 514 888 1159 539 512 421 1383 1207 956 320 211 274 1273 257
127 905 924 1407 1213 1109 288 1359 1245 961 61 696 777 691 613 417 1146 647 104 121
1376 1461 162 825 668 929 1183 1455 720 797 402 322 1175 843 1419 507 268 231 1288 1139
1099 712 671 600 1179 514 1046 482 170 923 960 46 1098 995 192 505 701 102 824 364
545 274 749 825 817 1199 593 542 604 1058 390 938 1011 1233 1249 151 715 1333 1463 723
1307 67 165 1220 523 457 923 627 1342 592 292 707 1328 499 1324 826 1433 823 1431 1364
939 931 1414 139 794 1161 4 758 1123 1134 27 668 426 233 1257 78 1485 562 1093 294
1367 1206 1211 271 678 629 309 308 910 401 1109 1224 398 162 1108 108 112 1190 1296 701
1064 754 1050 1086 1446 1016 574 77 1414 708 116 986 402 157 1105 188 1315 556 859 713
1336 9 962 723 245 427 596 1184 300 279 516 354 802 21 1424 811 136 1433 1292 645
1388 1357 147 1459 1476 1272 101 308 939 200 534 924 8 641 715 1256 1363 1493 763 999
558 525 1377 1168 1113 854 1193 1373 1074 1398 960 137 152 989 26 749 803 135 696 840
646 1336 722 1225 1133 275 899 1139 1026 365 543 1161 674 1082 211 325 173 110 1353 1326
767 529 10 1493 199 1362 1053 1436 934 886 1165 850 1196 321 204 232 147 1226 556 1402
1461 1207 62 1222 1457 1281 901 1125 985 1013 921 1035 996 425 886 1454 79 438 1097 364
1430 690 389 1074 732 111 1210 69 1079 914 660 1138 1023 943 63 143 1123 1066 1344 441
47 143 191 1405 1128 999 351 827 717 431 444 621 914 714 488 227 284 214 254 280
265 464 627 1038 890 1173 1074 206 1039 1218 299 445 1441 1292 1417 1222 628 285 486 966
1133 1491 1024 476 731 130 817 54 826 458 83 781 1427 411 1066 171 1224 1228 1148 1320
1149 343 1180 1468 1153 1263 858 288 1171 1022 586 1088 1110 178 868 127 1008 1274 645 603
1440 78 237 1048 1352 1451 585 956 162 693 571 325 1325 1108 581 523 865 1134 1178 357
877 38 957 75 594 398 204 1395 1153 1087 244 1148 752 919 972 661 473 1388 1052 1379
1160 804 229 889 1216 1134 1194 1305 274 383 845 39 411 314 1288 347 1268 1069 404 948
611 340 69 440 87 565 508 156 1452 31 1170 1488 1178 1017 120 800 22 387 1000 1266
185 446 1488 1373 48 721 786 1211 271 1196 464 910 957 1074 745 645 121 176 886 1197
1073 823 100 316 912 1067 1418 959 858 1078 211 319 1136 569 289 642 56 1207 637 208
932 819 85 398 1199 299 156 119 558 311 1329 76 290 297 689 190 270 1032 218 504
1012 1015 643 644 1092 1222 954 1204 600 1008 470 773 712 1102 726 1342 1474 61 1061 1175
1074 791 1440 1290 217 647 66 947 1340 1138 1497 756 1269 402 1227 852 568 622 266 1102
548 1453 64 731 141 212 390 447 834 431 1249 1021 261 176 1353 1129 794 871 1471 735
306 986 1297 1384 588 656 156 940 1082 849 549 756 915 645 1048 421 1328 1486 407 730
597 46 748 1052 247 2 244 886 672 1396 1263 49 1059 1443 1384 974 501 708 221 892
1073 1139 983 1065 157 776 886 656 1069 884 380 633 926 1189 925 816 1463 1305 263 1017
751 1051 1319 974 205 378 1476 1300 161 1475 1027 182 408 611 173 571 1338 1487 166 903
616 674 1082 1398 1270 452 353 1070 963 788 895 735 372 194 843 913 554 252 839 1336
567 1015 1010 1085 253 523 1217 249 111 1001 1475 3 1053 464 627 1279 47 1055 1448 230
489 540 597 1242 602 1039 587 506 71 1247 656 716 168 1470 1421 519 1182 1213 1481 475
1424 1402 225 1259 68 1221 537 1134 484 1482 1245 1079 83 541 1104 456 794 466 1058 391
921 523 1371 174 67 168 974 1148 905 1409 568 681 372 1482 510 472 1056 1122 1466 1169
1134 742 1081 6 1179 1107 1040 719 475 933 1212 1013 1386 582 297 212 957 711 1094 1229
912 1305 1458 715 947 1490 572 1382 511 943 252 1226 412 1034 1020 790 982 553 657 856
1122 650 1023 923 1007 526 1204 728 320 205 1048 962 276 411 571 1005 1318 209 236 1164
1423 744 1254 503 1323 931 925 1492 908 608 1079 608 1097 76 121 758 52 236 370 112
1459 697 758 926 781 1300 271 723 1116 159 525 1486 198 1428 1309 558 226 336 745 579
1113 1472 1362 1125 791 36 394 589 1184 864 1362 1379 208 1351 813 1133 1035 1420 1131 49
53 353 276 209 466 504 1147 1394 218 1345 1439 432 429 921 1079 1369 213 812 528 485
173 1018 1428 1004 423 1156 208 1072 602 1111 133 343 26 966 33 1405 320 1276 1370 26
793 682 545 86 1012 355 196 1139 889 706 569 185 406 1009 720 1493 532 803 1068 1439
353 1121 1455 1009 1178 158 1067 465 1336 716 180 588 1366 1499 364 874 657 1129 1207 358
819 777 921 655 130 1030 1378 453 740 196 773 233 122 785 16 1415 138 69 1291 1382
366 1344 119 163 1082 1493 927 876 1478 148 1419 68 1322 142 330 1487 1115 1209 950 667
94 244 246 599 1496 616 16 729 1361 204 312 115 1346 1175 1374 551 1387 475 976 139
690 888 980 4 606 364 286 810 271 982 821 397 1411 369 1412 156 62 182 1391 975
999 250 404 133 628 714 1181 876 33 1282 580 7 1020 1273 547 809 976 1195 1465 652
311 697 158 602 1118 661 255 893 874 822 1310 674 1433 879 1277 391 164 885 545 157
535 1376 1014 605 321 686 126 541 911 1003 1109 1140 1164 849 353 782 548 92 194 993
690 1378 475 960 1067 836 1439 226 1361 1156 712 44 1433 383 80 1337 5 429 439 119
1323 13 704 858 900 1271 1350 981 1352 428 326 873 1127 772 288 1326 843 559 1212 149
513 82 1416 396 292 779 1023 950 185 532 1489 1403 649 640 838 75 964 1119 781 1131
662 495 719 1116 1273 1461 1292 1489 231 691 1118 409 1230 269 959 585 1411 250 214 356
227 444 1004 272 412 248 892 1035 1427 1276 1490 1448 727 1404 1276 1395 836 772 499 283
1019 313 789 673 582 1283 1423 443 962 774 159 609 1184 36 1476 832 329 746 454 1417
103 428 254 1056 1346 1172 362 457 500 667 1389 1393 1282 1375 134 18 1495 81 1327 1278
1246 802 219 1410 1375 518 201 970 531 192 1168 474 999 769 1203 127 524 1193 232 451
1333 444 638 940 1404 756 1093 520 806 1074 300 890 1390 1426 1093 1245 474 188 991 1246
1015 24 509 17 519 424 39 157 328 1386 488 853 346 908 227 770 346 604 730 38
575 908 556 1451 1483 247 870 322 1488 1043 683 320 1488 366 106 787 1450 965 445 1330
410 1460 1072 786 997 999 1218 797 1239 1023 80 236 954 953 441 1237 1224 1160 258 280
964 350 1096 376 218 992 1318 727 14 227 589 298 439 660 1404 206 1209 417 1477 1239
1231 882 280 15 711 422 665 1429 1158 813 692 288 1096 559 566 326 1394 440 1067 290
1233 1028 88 233 338 711 61 1458 225 805 1443 674 975 212 245 199 826 530 1278 205
368 779 165 1090 1210 1360 429 510 927 62 326 999 572 1026 1496 1443 440 1056 1011 158
818 1004 1124 468 399 841 596 615 1110 743 663 502 550 1337 281 1216 144 474 689 1084
1417 132 874 1431 1211 1398 63 21 1296 404 882 1413 1365 842 53 1395 882 766 761 1452
1125 1047 621 992 1161 327 1327 709 1112 53 582 348 1229 1444 1029 917 1398 8 119 849
754 433 525 1128 1292 1291 348 461 160 1494 1344 449 25 535 850 295 1032 521 541 1499
463 621 325 706 299 709 1076 1462 1277 1107 1474 440 1287 289 797 1182 8 183 1375 828
781 1445 1264 810 280 959 1291 824 859 1248 364 654 21 1093 256 975 870 707 458 178
88 1224 535 278 1082 1256 1449 548 109 177 1300 851 1494 303 958 305 780 71 1017 709
1383 202 923 935 1366 263 909 285 870 1467 60 932 1471 1023 511 1012 1204 992 386 889
547 734 733 189 1039 93 1313 83 878 514 1351 623 696 254 727 6 762 565 1251 445
843 264 1374 628 1457 516 1320 520 52 1475 532 1490 1301 302 1461 212 666 706 646 155
171 741 1225 367 280 581 43 218 1148 883 870 991 1394 802 1232 1235 1068 1343 436 260
187 1292 655 554 141 1045 197 1259 1066 1079 469 1351 481 1128 1263 643 1274 217 1449 847
414 623 947 824 1223 1397 185 241 891 1235 785 222 1212 1124 858 926 702 46 535 1442
1012 6 373 207 1464 59 713 329 1083 1365 98 1290 1154 1295 684 478 673 1158 6 229
673 677 381 60 171 265 1382 737 747 1406 696 417 482 681 316 304 618 1230 1088 611
157 769 986 731 66 1376 1287 298 1188 964 1166 1216 231 141 383 992 153 705 626 920
306 701 1333 636 288 127 739 997 238 1048 1318 919 1444 270 600 305 400 678 786 133
852 35 1162 809 685 443 1255 1176 109 299 259 1167 669 1095 841 1126 356 1413 657 1463
1488 310 769 127 1202 555 1141 589 1070 805 1007 393 118 1412 946 1129 568 470 1118 502
827 816 1421 325 845 1112 608 141 873 537 196 1450 383 196 1004 409 918 692 673 1046
426 1104 101 768 450 410 109 1403 126 940 710 896 64 59 1215 854 1206 559 934 296
132 581 828 1377 273 946 411 1099 1301 1413 939 373 505 409 909 112 7 601 696 1120
39 487 681 1116 199 1324 74 1035 532 613 795 1319 907 360 1343 552 732 543 1250 671
101 587 112 25 983 438 573 699 597 509 1023 1467 1461 268 282 744 293 675 226 604
327 962 1000 142 194 1083 1015 920 309 672 390 556 502 569 111 791 132 711 1370 1475
1169 591 757 309 559 986 1169 171 237 905 1090 920 603 646 1023 214 1060 1181 820 797
1185 1310 1113 37 474 411 802 878 563 54 1369 350 1330 1318 1119 1061 1313 915 978 680
312 129 168 395 900 12 218 725 25 142 32 1378 586 626 489 404 576 562 907 271
1418 1085 929 578 684 546 301 808 1034 469 1265 1073 1389 195 1001 955 625 1426 644 692
1486 146 1077 1476 1157 843 289 184 897 733 358 1230 1172 214 1294 1473 1216 768 1378 261
660 17 890 545 264 227 600 921 1280 330 941 431 690 278 1319 250 1286 855 265 1125
407 984 104 226 1260 23 1024 270 637 846 611 461 561 967 430 56 1342 354 263 716
1387 1177 1009 942 385 1077 1048 93 940 627 1293 851 1242 735 165 467 564 992 1112 464
172 622 252 764 222 1066 1016 1490 962 107 90 1145 980 1394 193 337 780 871 402 472
613 931 1281 853 293 827 537 1042 854 1135 604 421 1268 56 500 237 287 299 1240 1062
232 746 675 395 825 479 715 881 674 949 1489 836 68 1167 610 13 656 63 1139 1079
455 738 838 816 245 1106 1488 529 85 735 486 986 317 128 28 15 1319 238 1361 1424
1108 1102 406 752 1400 1179 410 1250 504 895 631 913 1423 454 696 633 1352 174 1095 1291
965 1263 770 1361 1433 328 1213 968 270 880 1074 1083 421 382 333 1073 699 354 935 428
576 55 551 1161 882 179 832 1052 481 388 1387 595 806 666 268 1231 615 1366 1027 1348
326 772 486 1351 1182 597 146 298 71 1165 96 55 1356 680 1073 910 472 813 1041 644
178 1226 286 534 1195 1231 705 164 879 95 922 1183 723 1308 125 1462 490 448 48 888
513 1436 1353 1163 609 657 506 520 1177 1499 324 1355 970 50 1484 868 1372 829 167 348
1321 1221 1106 10 713 10 1404 757 629 790 1164 1239 1461 662 70 576 450 339 1 989
41 910 783 1288 1286 427 682 1468 4 641 488 1267 34 54 126 108 16 1267 673 1169
356 1335 614 606 1220 1061 1016 690 1372 328 1143 862 320 1326 972 943 984 1049 392 495
569 1075 1199 893 630 1290 115 482 543 1103 1322 1364 90 1239 1289 1433 1071 1407 1349 181
1470 910 904 130 929 963 221 744 1287 1061 94 128 213 1242 368 939 340 1499 1385 740
556 426 937 356 1427 571 614 1 29 161 531 1481 809 981 291 66 478 1280 12 199
112 806 307 976 578 223 380 1495 1148 591 647 921 1293 351 48 187 520 370 708 254
153 31 773 759 44 655 1198 1333 981 59 440 964 318 1064 460 594 246 555 817 86
1258 1245 1086 1078 575 227 1007 699 1277 1124 184 503 379 1080 171 1017 387 122 1494 49
479 1490 610 779 102 539 264 979 62 540 1405 588 1207 174 645 690 991 1214 928 1222
112 1414 198 128 582 405 825 1180 219 1097 34 1266 780 834 736 401 739 132 796 1467
762 878 806 1321 551 432 634 1353 1347 916 368 186 839 99 430 431 136 726 287 1316
3 652 340 865 493 1258 63 1128 1489 1482 436 865 1286 1343 874 770 641 1369 226 45
156 1237 392 1282 662 527 319 497 883 843 294 86 1295 796 112 197 1408 484 456 1309
909 1278 1364 789 1498 397 1292 1009 1237 348 1400 1191 198 64 835 1409 1380 102 194 113
553 136 492 828 1352 92 1312 99 357 258 1486 996 858 1446 1303 676 382 921 557 263
1356 610 466 1046 1301 494 184 353 425 1205 874 680 1164 264 379 1227 182 864 666 467
1218 1433 661 1337 65 556 230 1054 665 1491 1371 1337 1101 294 1257 1455 1257 975 898 881
754 1379 152 1005 1185 189 250 1320 103 552 146 1088 1350 781 241 397 793 303 1328 342
993 650 768 97 936 212 952 973 657 343 534 317 310 373 376 9 372 833 1361 21
198 1301 686 186 573 1465 1194 378 1270 4 614 356 1136 684 1494 1208 182 728 740 530
1403 185 681 57 1402 1445 113 483 1077 144 437 1000 1000 438 951 1279 986 643 1445 685
1313 1229 1252 841 1016 1343 275 247 1154 979 249 746 1353 1282 644 1276 797 677 532 965
1408 1336 848 271 1255 1299 992 444 1179 513 56 15 1209 540 1277 317 499 224 1394 1084
697 1220 203 750 577 542 621 568 1139 544 1433 491 1004 851 848 1140 507 1241 239 95
962 816 673 1394 651 917 442 435 510 1191 447 637 782 551 865 629 557 993 598 896
621 551 683 390 703 350 63 101 542 699 1285 1124 312 1371 1411 51 630 82 243 1116
417 151 1271 493 762 1213 1468 452 1498 1087 242 776 178 1016 84 46 1484 1345 1139 260
235 121 1130 454 633 712 46 1491 270 1233 919 247 80 1381 832 1255 836 128 539 623
532 763 529 1408 55 1033 1225 1102 750 204 159 743 1323 467 1425 694 225 1405 930 1488
496 1361 455 589 31 257 1300 1453 136 2 1195 137 819 1398 12 1232 483 1021 1153 874
691 122 1160 132 264 322 1355 1267 724 83 408 536 707 315 179 1373 54 423 482 1033
211 1311 648 490 811 348 141 32 471 1305 610 1427 1265 1 552 498 298 629 1032 590
1042 1198 866 1373 960 1473 882 384 565 979 1237 257 920 421 1269 1135 408 653 294 92
521 436 1236 189 1293 287 213 140 747 928 1379 727 1391 833 1178 1265 414 253 781 845
280 992 856 436 47 34 667 328 870 1040 701 752 1352 38 93 991 947 1076 537 252
1430 124 773 1032 899 766 1387 807 949 670 1292 1085 1274 588 808 1218 325 250 1282 44
972 999 1176 516 1 751 1355 1094 603 1386 826 109 1052 308 781 632 1253 447 1173 422
682 401 610 1008 445 468 1322 866 154 883 585 416 1124 1240 150 61 126 196 818 577
653 383 359 359 575 1356 992 641 755 1053 1268 60 149 1177 940 693 267 1295 1335 1382
1344 223 1245 1235 1076 435 452 1405 539 1092 279 588 1121 329 968 133 1191 1136 110 407
931 68 1464 520 164 1346 1490 804 1289 164 1090 729 377 609 1450 110 838 846 656 761
1447 323 982 237 387 1325 1410 237 543 81 1231 815 915 411 1146 313 1317 1064 263 774
775 530 46 143 753 305 955 0 736 515 416 917 422 846 923 1302 418 1302 807 938
343 778 182 993 845 1455 1432 585 1304 1040 1212 739 249 1238 974 1456 467 1472 1421 518
887 1064 1158 890 513 1464 1297 1183 704 1227 953 1168 396 279 712 584 1162 956 1292 1247
708 837 1241 270 1115 308 439 888 491 1245 232 979 611 899 376 1498 1103 1153 137 725
711 15 1454 883 53 373 1460 93 1390 1298 561 1119 701 1247 477 432 1401 1048 654 207
118 324 567 1180 1048 764 341 286 916 1013 1183 1423 1472 675 1316 423 282 867 855 363
457 1153 191 1101 540 39 173 60 967 445 404 229 955 1205 847 1205 926 525 277 699
545 1009 574 658 512 939 790 644 1428 949 885 1446 655 528 146 145 664 939 1449 50
429 1236 83 1462 251 625 260 901 381 968 1001 1247 790 336 351 1365 101 1482 737 1290
266 1299 385 164 692 769 787 1147 205 661 756 112 1214 345 917 682 1349 147 1293 684
133 550 883 695 1225 782 921 1473 488 226 587 45 1365 334 168 642 771 125 1380 546
1340 533 223 951 132 204 1249 989 141 815 1091 1307 1045 327 305 624 1029 475 1266 1390
177 241 170 769 832 1349 758 1143 822 1395 235 460 717 669 589 1058 605 1037 343 71
1096 246 997 1418 359 1195 874 880 1267 344 532 1495 420 572 1100 1062 1128 740 411 1268
1307 646 179 1352 354 51 1355 1026 683 1283 668 1132 1169 691 1389 972 1361 1189 522 541
1413 948 571 481 965 663 1367 477 1096 1235 206 280 984 1433 476 739 1382 139 281 370
1064 691 742 68 17 134 748 677 157 94 1001 54 1118 207 776 623 551 661 686 1036
636 647 1311 457 239 757 90 43 1002 1335 451 1076 753 881 767 436 423 1155 421 478
949 850 863 1374 711 390 207 1213 128 516 809 868 373 783 932 843 413 322 1070 633
280 957 724 1168 822 633 405 702 1323 699 550 531 310 177 472 747 251 628 1111 944
1018 410 901 441 74 175 111 543 926 740 502 1305 323 640 1069 331 743 370 258 1163
270 1329 1068 1479 1112 795 185 1347 1363 913 1126 1064 347 879 1456 1116 271 1228 684 1412
682 666 776 1187 116 1492 725 1164 260 1034 1489 1143 768 909 1110 1391 1259 1303 673 924
1274 177 349 296 469 1177 1348 335 261 385 1033 1399 909 493 819 815 1270 206 45 1244
1345 1463 495 599 1251 864 1018 382 803 1474 656 985 224 373 379 925 1013 315 60 303
788 494 480 352 91 29 531 962 1018 357 1165 55 861 485 170 653 405 1325 1077 937
344 648 222 1298 898 764 1454 474 75 244 808 1393 826 1416 1345 622 1448 826 1104 430
955 145 612 1040 426 534 164 1391 1158 1284 558 1083 89 873 131 326 1111 1219 547 292
79 1385 684 1183 370 121 942 9 1135 644 1146 328 657 1306 1043 824 286 1040 803 247
1273 449 111 821 1052 1372 1075 1443 580 28 285 1491 125 733 648 735 1105 279 629 779
902 1470 1321 84 1233 481 98 1086 587 509 1377 378 1158 1421 1189 534 275 406 147 1260
1480 1173 373 1197 1021 58 693 695 41 978 406 1477 315 1473 554 1439 986 681 313 1070
687 198 257 1001 382 531 1071 1267 476 1439 502 145 311 149 15 1405 1303 1230 1093 493
342 1008 66 773 1448 1305 304 1255 1185 454 1279 1010 663 1210 227 2 1256 1487 350 688
213 1367 675 414 1442 57 54 573 919 1054 650 1047 1086 1011 85 503 187 598 1295 882
681 1129 1212 47 67 364 748 63 868 569 638 360 143 702 264 1391 1140 603 399 645
1364 322 1199 495 708 1234 1131 974 781 1495 1427 90 282 645 790 1452 107 831 718 1271
683 630 1063 1203 1190 1203 89 1108 1214 701 698 1414 688 366 1428 59 349 674 495 1131
938 601 528 1121 1441 1074 963 938 1219 472 1143 169 1404 1497 64 910 2 839 276 77
379 794 630 1036 389 1486 149 29 87 1105 1254 493 602 240 550 45 1378 952 563 208
1167 1459 386 879 1388 831 1013 809 67 822 1034 1126 419 1483 1492 562 1188 1485 1134 568
798 313 796 1289 173 540 698 144 871 1300 1128 943 1055 1216 622 980 430 326 468 1275
873 880 196 791 299 655 968 421 633 416 408 591 1364 894 188 455 1403 589 259 340
1250 1489 212 546 1182 1202 350 1115 399 836 431 1389 1488 512 781 344 1103 582 1193 1448
837 43 1046 148 296 218 1395 1050 903 98 1312 615 899 763 835 623 1478 994 1363 30
742 632 970 194 108 667 761 341 777 1432 120 1479 1106 421 1340 66 179 383 796 486
1423 956 1235 215 33 643 1491 638 405 412 370 452 543 327 255 610 340 13 268 66
411 1226 765 996 980 124 506 1493 139 832 1260 652 918 823 1044 846 480 1147 318 600
929 964 816 1281 843 1492 1052 487 1014 186 1318 12 405 1171 1107 972 685 98 684 316
1096 802 147 1015 1059 819 181 1063 320 737 860 997 916 1225 1224 12 877 287 925 246
756 614 275 589 934 1479 1431 1490 1484 672 294 809 357 1123 349 476 1039 220 183 1386
1455 37 1455 1104 839 1073 921 3 1210 288 268 310 1451 1076 1072 1414 958 1231 1057 231
1341 433 1056 579 1034 145 1425 643 754 1465 251 618 1070 1069 661 173 1210 110 378 953
341 1176 1175 477 1227 897 244 1063 558 810 160 910 891 71 183 1022 1272 123 1148 1447
1377 1455 1252 53 111 315 990 1417 93 173 564 1302 318 1065 1138 287 617 1021 942 569
1185 1332 153 581 664 160 398 1434 410 1118 1493 1001 474 398 762 658 849 651 163 780
52 637 988 254 1158 646 603 1069 191 960 80 1126 1131 553 1484 920 926 193 445 791
220 677 1225 1384 406 481 149 909 717 1051 696 561 1215 1232 199 417 732 124 132 1386
869 386 42 339 1005 510 1052 1300 910 1442 240 1021 947 96 1392 764 1472 822 45 662
742 1217 1017 1217 774 744 511 719 1112 1425 1385 1231 817 890 1194 1289 794 510 898 1176
1276 303 1435 648 698 1451 1301 1323 838 511 975 465 725 1072 765 271 412 1382 302 884
363 1436 171 1024 398 741 449 1078 67 1429 1153 777 1008 291 739 1132 234 983 874 78
299 665 1033 298 889 92 769 1256 211 290 227 240 477 209 878 4 1424 307 976 948
871 823 1266 343 734 1111 1406 933 1402 863 712 100 938 108 1005 273 866 1490 704 1447
217 1195 710 1199 1125 825 910 1171 1314 568 70 89 1067 1457 841 833 386 1431 118 863
1267 203 962 1094 981 647 1234 502 657 781 340 649 1032 939 1008 1086 463 834 298 1230
1141 463 623 99 1118 1218 546 723 1340 971 490 1311 1144 560 1418 143 1010 1303 652 17
1125 377 498 1309 318 112 39 267 12 947 1355 1377 1346 309 139 800 444 1470 1488 1066
1044 502 822 771 829 380 332 221 907 277 343 582 1006 1246 369 388 236 43 481 1375
1327 973 1205 887 1187 1310 70 262 1050 590 864 806 957 1162 1074 28 771 1225 1438 1436
94 606 447 1277 1473 485 531 965 134 1483 1460 1182 748 406 115 253 1405 194 1089 755
267 289 1165 542 705 1137 1282 402 1157 359 86 1189 96 981 101 790 1394 885 569 785
68 494 1326 749 292 93 858 1322 1172 1480 862 985 1460 919 1364 163 686 944 1203 1202
1463 1388 628 1227 1221 736 1032 889 1111 43 1070 356 250 586 742 450 730 1058 53 226
1160 1226 695 351 252 1008 65 1312 1325 1486 747 1482 254 502 302 775 589 597 967 1286
1255 629 1192 1317 840 896 1301 1370 1035 534 1413 167 993 566 1003 1037 363 241 668 1078
1411 373 592 1363 570 288 554 169 344 1366 1368 886 527 37 868 88 1185 1488 53 406
994 1191 506 743 871 1069 1062 262 378 1465 0 832 1458 87 1281 1210 121 391 840 896
1153 211 914 35 1233 390 353 118 463 1278 820 1160 1023 31 772 438 1114 1386 388 732
1304 1237 1186 567 351 733 650 13 578 826 382 961 62 882 762 1494 1265 1449 1321 707
1300 1181 416 1441 1095 266 614 893 45 419 242 1450 1030 391 645 1402 1138 395 156 1177
598 409 722 1299 1349 1385 1018 1112 341 748 529 450 1302 142 1455 1142 381 118 1336 1383
38 1242 854 1008 219 1469 906 478 323 732 613 1435 1331 604 1080 554 1024 545 80 1031
1456 357 836 1000 1223 977 952 217 1494 565 712 997 1043 1268 98 910 491 1202 549 371
1481 938 935 937 1325 1391 1306 631 1005 466 631 700 1067 1460 759 832 880 1062 287 980
609 935 244 1258 601 97 1469 16 1063 207 441 1096 466 647 296 185 1326 887 434 530
34 780 58 540 1060 703 226 1147 505 964 601 857 815 1262 897 651 409 488 399 1466
1354 682 423 637 137 824 838 1446 797 652 384 422 753 1339 1296 689 451 228 1468 1424
1206 293 484 1466 215 1340 946 1240 289 471 256 1280 909 133 1079 655 385 1248 1352 1435
1399 1432 673 1068 1127 210 54 861 1187 1458 250 56 1263 727 1334 1078 701 1040 480 392
1206 884 856 382 691 891 364 330 1111 1365 947 1010 1410 709 1001 508 348 1358 949 750
924 130 732 1486 1064 507 1329 1028 314 958 263 339 440 188 71 856 1340 141 1155 1125
1292 1421 1197 470 550 618 1116 1352 96 71 1114 130 690 118 1185 1075 601 328 1223 22
1049 95 174 363 210 1339 1394 830 693 674 1468 744 1050 465 443 854 1194 379 609 1243
714 1276 1103 387 1211 264 682 286 49 972 868 1135 530 114 938 1085 890 1444 96 72
77 126 1338 1453 434 969 1146 1168 954 1048 1117 71 1296 71 850 191 1228 700 1079 1468
1390 505 402 806 94 823 39 655 1387 452 309 938 1317 853 134 1141 476 1308 1349 891
1322 330 767 608 589 262 426 361 991 1060 1303 736 390 960 1014 237 1329 995 1424 1353
708 1083 33 364 604 844 120 966 712 1056 612 271 1407 1212 33 143 52 1034 1095 660
1383 1258 1403 339 1259 381 1269 975 321 644 1490 154 699 717 268 1026 1043 602 99 1212
562 35 735 255 677 1403 1328 1187 851 534 954 150 1069 489 1103 1125 919 955 674 1296
885 968 761 835 954 1342 1131 580 800 587 424 298 1317 134 914 389 1275 1258 1055 841
176 676 653 310 1284 1357 98 637 899 1371 684 684 966 627 404 143 558 161 1092 1127
194 868 119 997 435 1048 226 1016 977 988 700 561 28 1414 1234 612 176 159 437 519
1103 237 1025 603 594 627 276 195 1000 1095 853 1253 710 420 1127 904 639 115 6 448
1348 828 940 398 1307 129 316 1271 870 1062 676 1105 1435 837 685 1369 304 874 413 938
814 1460 281 99 1430 1011 973 620 1272 17 501 329 1331 267 170 497 917 1393 1123 209
1410 742 858 640 1103 563 318 518 1417 815 1402 1453 1205 428 1484 670 794 769 1192 1221
1371 363 1309 315 118 607 19 301 202 598 1347 1429 1074 1340 848 314 647 310 54 958
332 235 1240 912 225 667 618 828 893 371 1178 902 1133 857 1009 414 378 1023 383 75
1058 1099 1104 847 744 1446 761 1123 71 220 127 1285 1266 257 1291 874 913 612 1011 26
519 1192 109 1211 1248 1303 862 1474 722 943 570 1022 1101 889 878 1355 764 62 1362 534
218 563 1327 1271 1378 605 358 95 1127 828 1172 957 1405 1264 1165 805 1081 1204 906 91
1423 704 543 998 419 784 910 481 169 1176 207 1124 1234 439 677 980 172 259 1214 1172
418 739 1463 1175 142 491 1403 736 972 85 383 721 1480 1457 422 1193 247 1120 15 581
655 1050 900 288 285 1270 1225 944 605 367 906 1493 325 448 130 1262 1407 578 411 171
289 130 91 1488 1346 802 1417 453 1307 633 256 1071 967 214 800 1463 1020 1130 219 559
944 758 152 433 110 1137 672 44 1419 12 109 34 327 115 1388 977 368 636 1474 1102
765 1402 1348 1451 524 1340 584 160 416 1200 1184 265 1450 819 822 748 191 1192 1069 267
38 1057 200 1394 36 1179 861 346 1114 1202 1014 385 434 1164 548 221 267 322 1423 940
1023 852 587 630 918 1311 460 527 1029 622 970 1414 1265 1470 1101 215 735 892 86 44
825 1084 1176 101 1318 1483 645 625 295 402 1350 215 870 702 519 1071 561 840 1283 782
1324 147 965 1384 375 1054 1279 688 843 576 732 491 76 530 57 279 1190 810 1288 899
908 1039 501 1212 741 486 394 1122 733 848 839 876 396 1330 592 1215 940 181 831 914
478 916 1073 99 163 829 1405 631 1460 55 1043 1051 427 1441 692 1123 1460 567 523 552
1389 587 168 838 681 1225 341 910 653 691 541 1232 34 767 267 81 831 923 395 1135
932 108 1256 70 667 661 466 1337 18 826 863 786 1114 1403 1381 79 371 1018 1142 1224
238 1069 197 163 1400 411 237 331 1200 1303 36 338 1056 1014 1298 998 181 1030 1144 78
1393 1251 1416 238 1214 486 763 1148 558 546 458 987 590 258 150 202 156 310 1467 251
869 962 596 546 795 1041 393 1068 892 756 229 1425 872 77 1047 837 617 95 509 352
226 548 673 446 1285 1311 204 966 698 89 1445 1399 318 770 342 1040 521 316 709 1348
32 191 58 834 698 246 357 160 674 867 1156 100 894 846 1116 1133 203 26 1213 154
110 256 679 976 443 962 1327 555 301 205 355 115 754 428 531 94 1193 180 393 933
789 12 1444 1040 520 1314 177 1423 613 73 203 399 792 958 1218 547 501 982 630 311
1117 1430 1402 1163 557 306 563 1337 243 292 223 418 1291 164 220 227 934 1261 1446 262
131 227 1271 1433 1448 841 664 994 1448 1123 1389 170 639 1384 1369 274 766 1009 1087 1466
105 1217 231 1041 483 1134 578 317 745 623 286 301 288 133 780 1306 941 967 1183 295
18 1488 1430 273 1308 1034 366 1094 968 166 1159 1458 687 1369 294 728 885 1431 1027 695
94 799 725 300 976 1401 143 1117 733 105 422 801 22 109 1157 935 252 334 1116 880
1447 684 466 984 1289 422 158 685 302 2 1262 344 939 71 87 1163 943 141 316 428
850 374 1037 23 961 554 1043 857 335 58 919 1417 1080 1055 409 685 31 973 965 402
1337 571 157 381 317 393 1284 86 631 232 854 1312 350 1256 636 635 429 1316 1348 1026
49 91 316 31 926 1375 560 784 1125 166 1117 642 535 590 1305 1126 388 1014 1057 805
1093 567 354 976 51 425 767 79 570 506 1060 563 998 1125 421 588 730 1241 1455 390
1391 305 1148 276 1263 172 1085 1130 952 101 668 1196 1471 1093 1192 1120 502 1318 383 213
163 72 378 1443 762 172 376 687 227 28 1173 898 1376 85 638 1470 222 212 582 894
476 1116 1199 771 44 1434 1091 1473 183 1303 1291 152 1448 175 1195 1460 1057 1139 56 1487
601 268 1434 637 1110 403 1309 311 603 214 224 593 1282 545 201 83 1241 942 716 703
494 967 990 332 289 138 1414 726 126 851 1305 630 693 874 335 1391 159 487 850 1423
818 474 970 1348 568 941 394 1134 473 586 311 917 1111 720 146 552 1303 1209 1457 58
431 1352 227 95 1022 420 1472 331 1473 309 150 898 528 873 1281 334 692 376 1374 421
72 1141 1235 836 1146 948 979 570 270 1080 1357 788 1270 1358 238 249 453 352 17 1237
1174 117 108 799 588 1302 373 12 64 586 270 260 1371 1215 345 143 915 344 163 153
1397 1496 777 787 537 1012 811 1430 673 1210 73 902 1195 1486 215 284 3 1165 1217 529
410 182 1000 223 805 285 749 883 861 696 1243 537 1240 748 103 1191 1422 716 381 525
1019 536 1 638 1420 273 1361 1440 740 515 422 946 276 277 282 771 795 1134 1094 107
1442 1027 384 846 604 1204 500 597 1254 1072 431 386 410 144 1337 820 997 602 1402 559
459 167 1244 394 1199 395 1107 1102 220 194 897 384 960 670 265 1024 1356 560 367 309
121 1056 891 1280 482 1374 1032 73 1218 13 512 757 1141 1081 146 834 1455 704 595 1277
637 477 13 522 1421 1037 946 1063 1484 177 985 58 87 1102 1388 1193 36 96 327 860
179 1369 993 842 941 334 549 821 780 1407 1174 1373 1089 868 468 111 775 8 875 1095
1197 122 1070 629 196 1400 1319 848 123 160 814 1289 1100 1239 167 234 188 464 140 760
178 530 96 664 548 674 1199 774 1391 279 180 504 374 1244 422 489 1216 976 998 989
803 801 1260 1346 516 259 236 705 753 601 65 223 696 415 614 736 1027 1095 281 665
509 881 438 918 528 485 428 291 1410 884 755 940 1041 383 1386 1332 1245 469 1259 1303
584 609 654 1381 920 787 1307 1207 333 247 552 1480 1233 1347 279 537 686 547 604 1378
1072 512 1104 1253 1120 495 399 986 13 1169 408 1484 1130 1122 331 342 560 5 1162 1499
926 639 225 964 751 65 1237 1157 1045 530 1160 163 560 918 1387 1100 1497 780 540 853
1013 1062 1183 1316 646 110 285 227 1006 1235 809 1474 307 1018 500 729 683 963 1315 898
1064 828 278 1489 568 1076 651 549 819 1442 1069 640 1122 957 121 616 305 152 680 684
948 771 1147 546 1392 1376 1056 726 1268 885 1093 1297 51 755 75 497 38 1447 240 140
699 114 1226 873 242 1458 241 634 1406 1469 156 36 951 1318 1393 769 1051 1250 466 216
832 110 375 360 1359 170 386 158 1347 807 703 233 836 1246 1226 1184 966 677 1098 1235
909 999 720 536 116 980 1057 1069 771 751 461 110 438 103 313 264 271 985 80 849
1215 820 1198 564 986 536 138 858 1154 973 838 883 479 344 1021 303 1405 848 101 1469
1205 543 382 349 413 848 316 921 575 421 237 522 450 541 99 1074 506 1204 441 46
1238 103 272 1043 271 1143 1454 278 515 660 19 28 935 586 1037 1392 918 932 690 1208
164 1245 204 96 36 683 217 1441 683 8 652 1309 1185 823 777 1021 1106 577 116 768
349 1046 549 676 1101 29 333 820 1437 1017 869 191 206 709 634 395 869 810 300 838
1126 530 355 1155 801 585 1123 410 475 157 1035 138 741 1447 1010 1300 637 1423 528 1028
963 269 276 112 1268 173 987 1472 1409 830 524 445 958 1129 537 71 1425 1189 1015 1063
286 175 451 999 278 1434 359 588 1010 1089 983 385 546 577 163 697 850 926 310 363
647 1143 421 535 515 558 632 446 1264 286 1358 1478 944 203 911 712 727 437 102 311
409 1097 421 946 99 913 851 1247 16 931 1304 231 233 1008 212 58 702 1179 209 387
147 117 283 1321 905 250 676 960 1070 966 1441 1027 176 257 304 1408 1265 100 1174 1111
1043 1236 289 1444 169 1386 1199 1119 198 822 735 930 295 378 374 198 383 727 1401 656
1013 266 142 367 595 808 421 342 578 924 838 1299 467 1402 1364 1300 821 1145 648 431
1364 1035 676 685 194 561 1075 1015 484 90 851 1308 1434 297 699 283 1332 1083 1419 1261
149 415 549 1421 683 884 938 1360 175 37 646 468 311 436 912 233 277 554 259 1494
572 980 966 475 355 842 439 903 1222 172 163 1149 1237 1334 577 1012 463 1254 1482 1207
488 1041 413 112 763 1475 413 512 32 196 1180 777 1378 1067 1141 1041 1221 271 402 967
1090 1449 65 749 708 384 1145 1035 379 1060 1306 58 1372 683 301 1465 789 611 445 1242
1359 280 984 631 538 794 69 295 1432 1490 652 395 118 909 1364 801 360 1067 622 1228
308 875 311 1324 411 861 275 737 1376 1425 281 1091 1142 1450 557 1439 217 478 606 1421
932 928 558 879 1154 1109 109 886 706 877 230 73 1082 798 664 914 1481 7 897 686
157 743 656 801 673 305 973 751 1326 913 363 222 1133 708 359 587 553 128 1416 976
215 1123 646 1308 1112 221 51 911 338 203 393 78 347 1491 131 831 219 795 540 1066
313 33 666 1498 58 424 554 283 479 478 484 38 89 1313 83 204 530 1069 1297 993
1373 1115 1454 1163 1039 669 430 355 206 1182 232 71 1047 1109 1320 935 1473 1494 1173 1371
877 1335 1450 1145 297 1435 1460 1253 300 1205 630 1184 620 1069 436 1411 1039 1327 548 305
440 635 386 1416 936 1026 532 710 821 1195 1063 1411 50 308 1178 132 799 1420 1489 110
